predicted_types,actual_types,inference_time,shas,precision,recall,f1,exact_match,hamming_loss,context_len,with_message,concern_count
"[""feat"", ""refactor""]","[""fix""]",0.5027244091033936,['87d5d4e55ab7149b593d29410f1fe426ba2447d4'],0.0,0.0,0.0,False,0.4285714285714285,4096,True,1
"[""test""]","[""test""]",0.454125165939331,['317f4eefecddfb1392ca71d551840f446feee302'],1.0,1.0,1.0,True,0.0,4096,True,1
"[""ci""]","[""ci""]",0.4094116687774658,['c5fa7b80438fbd74f4c341f0d3c9bd9e0f4910da'],1.0,1.0,1.0,True,0.0,4096,True,1
"[""ci""]","[""ci""]",0.3932399749755859,['e7a67d88173566be3cd3aed7e9eeb7e29aabbc57'],1.0,1.0,1.0,True,0.0,4096,True,1
"[""fix""]","[""fix""]",0.3831551074981689,['d129eaf9125a967ac86c6c7276bbae6b4d50af36'],1.0,1.0,1.0,True,0.0,4096,True,1
"[""build""]","[""build""]",0.4059717655181885,['1269431c8a3e7549f10fcbbb4b88ff625c8898b3'],1.0,1.0,1.0,True,0.0,4096,True,1
"[""feat"", ""refactor""]","[""refactor""]",0.5263893604278564,['535708ae50aecb452560a23356fd396f99ef13a2'],0.5,1.0,0.6666666666666666,False,0.1428571428571428,4096,True,1
"[""feat"", ""refactor""]","[""feat""]",0.522691011428833,['68278b00450f2679761a2999500f6d87a579376b'],0.5,1.0,0.6666666666666666,False,0.1428571428571428,4096,True,1
"[""ci""]","[""ci""]",0.3714253902435303,['6c9cb638cb4d1ecc42632fcf389c24898c5b3244'],1.0,1.0,1.0,True,0.0,4096,True,1
"[""test""]","[""test""]",0.3145012855529785,['c7b25726df94a2530c9b1c0d2b6a0acaa103822f'],1.0,1.0,1.0,True,0.0,4096,True,1
"[""refactor"", ""feat""]","[""feat""]",0.5767238140106201,['1bcf88670b50155b50071e707f98f30cea0b7a24'],0.5,1.0,0.6666666666666666,False,0.1428571428571428,4096,True,1
"[""build"", ""test""]","[""build""]",0.6228444576263428,['454003841aabeb74396d73541378bfa59c75b5db'],0.5,1.0,0.6666666666666666,False,0.1428571428571428,4096,True,1
"[""ci""]","[""ci""]",0.3687095642089844,['dbb537a26e388a8d7d17faf131abc30c2f7a84e6'],1.0,1.0,1.0,True,0.0,4096,True,1
"[""fix"", ""docs""]","[""docs""]",0.4735198020935058,['bf83c9155e9bee6925aa7102fab53fb803d52533'],0.5,1.0,0.6666666666666666,False,0.1428571428571428,4096,True,1
"[""feat""]","[""feat""]",0.369908332824707,['dc5238b2bda98a7c4f2fe9584fc3b0191a408109'],1.0,1.0,1.0,True,0.0,4096,True,1
"[""ci""]","[""ci""]",0.3718116283416748,['74e9de5ec97dc013a52aa063dff0f40ac74c407b'],1.0,1.0,1.0,True,0.0,4096,True,1
"[""test""]","[""test""]",0.374812364578247,['b7ce2894fd1794064bd6db4ed730bb6cb7728739'],1.0,1.0,1.0,True,0.0,4096,True,1
"[""build""]","[""build""]",0.3695418834686279,['32b92cfa0b74a6c25990e32ac6aab12b8496794c'],1.0,1.0,1.0,True,0.0,4096,True,1
"[""fix"", ""refactor""]","[""fix""]",0.5610716342926025,['bed78248c941d57ad4cc20a455147e186e97c7a1'],0.5,1.0,0.6666666666666666,False,0.1428571428571428,4096,True,1
"[""test""]","[""test""]",0.3364620208740234,['f411e58cd510f8a2b980b2f1932003a0c0e9f8f3'],1.0,1.0,1.0,True,0.0,4096,True,1
"[""feat""]","[""feat""]",0.3922843933105469,['f9a094918b62534614c47aa8a13f33aec751a1e0'],1.0,1.0,1.0,True,0.0,4096,True,1
"[""docs""]","[""docs""]",0.3984353542327881,['aca23027da1295c78fdf42ba9687d8ccc88784d7'],1.0,1.0,1.0,True,0.0,4096,True,1
"[""build""]","[""build""]",0.4281392097473144,['37b1cbfd3d2c462ef4f2a131e4172c38dc8d9ddf'],1.0,1.0,1.0,True,0.0,4096,True,1
"[""feat"", ""refactor"", ""docs"", ""test"", ""ci"", ""build""]","[""feat""]",1.2436137199401855,['e137f9fdbdb6bf3f85c3f7ac9323785e445844c8'],0.1666666666666666,1.0,0.2857142857142857,False,0.7142857142857143,4096,True,1
"[""test""]","[""test""]",0.3945820331573486,['e0198f74b81da3663144cfe1d971939319f82a0f'],1.0,1.0,1.0,True,0.0,4096,True,1
"[""ci""]","[""ci""]",0.4204792976379394,['45837af24a33308a70a3454f0f650f9fe728e272'],1.0,1.0,1.0,True,0.0,4096,True,1
"[""docs""]","[""docs""]",0.3826158046722412,['0cfc5633d37ea06f645649138323f1820e18bdee'],1.0,1.0,1.0,True,0.0,4096,True,1
"[""test""]","[""test""]",0.5626499652862549,['8ee0611fbf0cd89abe7ae588f22e6ecb843598ea'],1.0,1.0,1.0,True,0.0,4096,True,1
"[""docs"", ""feat""]","[""docs""]",0.4399387836456299,['c2ee5cd5e709afd15c5565ee009a0d204403a119'],0.5,1.0,0.6666666666666666,False,0.1428571428571428,4096,True,1
"[""fix""]","[""fix""]",0.2811834812164306,['d1d55e787b7d07f763852602b9939a5394607fd9'],1.0,1.0,1.0,True,0.0,4096,True,1
"[""build""]","[""build""]",0.394730806350708,['c55591ba157298a9c5816693c102a89dfd058830'],1.0,1.0,1.0,True,0.0,4096,True,1
"[""fix""]","[""fix""]",0.3121461868286133,['9be725fa3906323d4bc9788f54eccf74109d632b'],1.0,1.0,1.0,True,0.0,4096,True,1
"[""build""]","[""build""]",0.3950345516204834,['f00a4d3e307b89842250358ee432e6800bb24362'],1.0,1.0,1.0,True,0.0,4096,True,1
"[""docs""]","[""docs""]",0.3715231418609619,['036a0ff49a7dade0e04c9c07071a1ff49133ee24'],1.0,1.0,1.0,True,0.0,4096,True,1
"[""feat"", ""docs""]","[""docs""]",0.5003633499145508,['6d405dfc1675dcad64a2dfac0c0cb0fb28381d21'],0.5,1.0,0.6666666666666666,False,0.1428571428571428,4096,True,1
"[""refactor""]","[""refactor""]",1.0663635730743408,['3cca5c314ad6feeffbfe1f14cf49ebd0fd9a95a2'],1.0,1.0,1.0,True,0.0,4096,True,1
"[""fix"", ""test""]","[""docs""]",0.4682595729827881,['af880ac5b4fecbc6c4f3d1eee0d95f326e8bd9d1'],0.0,0.0,0.0,False,0.4285714285714285,4096,True,1
"[""fix""]","[""fix""]",0.3731441497802734,['c8e0ae8612df3d6f2831acc004aaac332f6105e4'],1.0,1.0,1.0,True,0.0,4096,True,1
"[""refactor"", ""docs""]","[""refactor""]",0.6156494617462158,['771857b1df9470ebc15357e8879118a72c649d5b'],0.5,1.0,0.6666666666666666,False,0.1428571428571428,4096,True,1
"[""refactor""]","[""refactor""]",0.3382537364959717,['47ef9104e4a89e80d7cc6c1950bc080841da4a7b'],1.0,1.0,1.0,True,0.0,4096,True,1
"[""refactor""]","[""refactor""]",0.6704916954040527,['1db13ec43727aca872a0f3836e4023ed85db665e'],1.0,1.0,1.0,True,0.0,4096,True,1
"[""fix""]","[""fix""]",0.3137769699096679,['933ab6bb86372913c992567cf9660009900911a7'],1.0,1.0,1.0,True,0.0,4096,True,1
"[""test""]","[""test""]",0.3123698234558105,['e2e8ad25854bd1e7cdbc7f50b50bbd99e04ad47d'],1.0,1.0,1.0,True,0.0,4096,True,1
"[""fix"", ""build""]","[""build""]",0.4642956256866455,['c44cf88a6ec54e5ddd99d8348bcc57b301ec7945'],0.5,1.0,0.6666666666666666,False,0.1428571428571428,4096,True,1
"[""ci""]","[""ci""]",0.3743209838867187,['e96487ad7ce90b141219d9032fa2bed68d5dae6a'],1.0,1.0,1.0,True,0.0,4096,True,1
"[""build""]","[""build""]",0.3676543235778808,['5b81fde8a72cf2e69a10e9f5c4f0bea0a2b8c3e0'],1.0,1.0,1.0,True,0.0,4096,True,1
"[""docs""]","[""docs""]",1.033005714416504,['cb1f48b56ae0de93acb72e48726c7d610a1d538e'],1.0,1.0,1.0,True,0.0,4096,True,1
"[""feat"", ""fix"", ""refactor"", ""docs"", ""test"", ""ci"", ""build""]","[""fix""]",1.0812811851501465,['2561f4ade46fc9d59f289f328cc77733a6443697'],0.1428571428571428,1.0,0.25,False,0.8571428571428571,4096,True,1
"[""refactor""]","[""fix""]",0.3541769981384277,['06e2be4e2019b6fa714e1fcb34485860ef1ede79'],0.0,0.0,0.0,False,0.2857142857142857,4096,True,1
"[""refactor""]","[""refactor""]",0.3448948860168457,['36556bf8e0bce4ab6d26eafacbdad04d9614a5d7'],1.0,1.0,1.0,True,0.0,4096,True,1
"[""build"", ""fix""]","[""build""]",0.4697766304016113,['c323d59c607cabc91f17a78528d998f376f30b10'],0.5,1.0,0.6666666666666666,False,0.1428571428571428,4096,True,1
"[""refactor"", ""build""]","[""build""]",0.5590336322784424,['e4a11fd5c34942ba12737f1c8c084489428ee274'],0.5,1.0,0.6666666666666666,False,0.1428571428571428,4096,True,1
"[""feat"", ""docs""]","[""refactor""]",0.5667078495025635,['63eab619e6166eb6cab948028a7b89bf059dd878'],0.0,0.0,0.0,False,0.4285714285714285,4096,True,1
"[""docs""]","[""docs""]",0.3454554080963135,['a52a585d74894b3b4eeb8c784fa089ff95cddad0'],1.0,1.0,1.0,True,0.0,4096,True,1
"[""feat"", ""refactor"", ""test"", ""ci"", ""build"", ""docs""]","[""feat""]",0.9803638458251952,['b282e90e2cbb74559aab79eee8443a4d7c85502a'],0.1666666666666666,1.0,0.2857142857142857,False,0.7142857142857143,4096,True,1
"[""feat"", ""test"", ""ci"", ""build"", ""docs""]","[""feat""]",0.790278434753418,['f823cf28652987d43c8324b4f5b203240032383a'],0.2,1.0,0.3333333333333333,False,0.5714285714285714,4096,True,1
"[""feat"", ""refactor""]","[""fix""]",0.5001435279846191,['9ef5c0d14193a9abb09b39856f58477d1f4b0d77'],0.0,0.0,0.0,False,0.4285714285714285,4096,True,1
"[""feat"", ""refactor""]","[""feat""]",0.6060740947723389,['fd8e563cc19ca4684885d4692acee6bebcca4ada'],0.5,1.0,0.6666666666666666,False,0.1428571428571428,4096,True,1
"[""ci""]","[""ci""]",0.3836190700531006,['4cbbd2552ba0de273e1dfe7d453c5b3efed751a3'],1.0,1.0,1.0,True,0.0,4096,True,1
"[""ci"", ""test""]","[""ci""]",0.5808463096618652,['173553c0372e66e03bdab19e0e6c2dd44daa14a0'],0.5,1.0,0.6666666666666666,False,0.1428571428571428,4096,True,1
"[""ci""]","[""ci""]",0.5490260124206543,['32845e1bbd1efb5dbc16f671049509a409ba25ce'],1.0,1.0,1.0,True,0.0,4096,True,1
"[""test""]","[""test""]",0.3379495143890381,['229b53a632ea97d47c4be11f096bdd828fb415d8'],1.0,1.0,1.0,True,0.0,4096,True,1
"[""feat"", ""refactor""]","[""refactor""]",0.4961147308349609,['2954a0955ce9af6acb345ed1e8328e145ad30475'],0.5,1.0,0.6666666666666666,False,0.1428571428571428,4096,True,1
"[""refactor"", ""docs""]","[""refactor""]",0.4988133907318115,['a62314d9bb632be6af026686615d14b912250512'],0.5,1.0,0.6666666666666666,False,0.1428571428571428,4096,True,1
"[""refactor""]","[""refactor""]",0.7051138877868652,['062daa45cbd5dba6e96e95d8cdcaee89ae30a83c'],1.0,1.0,1.0,True,0.0,4096,True,1
"[""fix"", ""test""]","[""test""]",0.4890704154968261,['bedc7950b24c37809e36a585b7985d5aa5e3e458'],0.5,1.0,0.6666666666666666,False,0.1428571428571428,4096,True,1
"[""feat"", ""refactor""]","[""feat""]",0.9348592758178712,['ded26d768ff432ad3bde3c0aa1e95ce50726100a'],0.5,1.0,0.6666666666666666,False,0.1428571428571428,4096,True,1
"[""feat"", ""test""]","[""test""]",0.5018887519836426,['e9617f0854030e70365eb264bcb3b58078e79e9e'],0.5,1.0,0.6666666666666666,False,0.1428571428571428,4096,True,1
"[""feat"", ""build"", ""test""]","[""feat""]",0.7925777435302734,['6ed56ce9ae743ba9a87e6c9643cc06b1de7b748d'],0.3333333333333333,1.0,0.5,False,0.2857142857142857,4096,True,1
"[""feat"", ""docs""]","[""docs""]",0.4240663051605224,['e12d9e77a6fd531a22325337838a841b1c67f00d'],0.5,1.0,0.6666666666666666,False,0.1428571428571428,4096,True,1
"[""feat"", ""refactor""]","[""feat"", ""refactor""]",0.6929593086242676,"['fd8e563cc19ca4684885d4692acee6bebcca4ada', '36556bf8e0bce4ab6d26eafacbdad04d9614a5d7']",1.0,1.0,1.0,True,0.0,4096,True,2
"[""ci"", ""build""]","[""ci"", ""build""]",0.6161949634552002,"['45837af24a33308a70a3454f0f650f9fe728e272', '5b81fde8a72cf2e69a10e9f5c4f0bea0a2b8c3e0']",1.0,1.0,1.0,True,0.0,4096,True,2
"[""feat"", ""refactor"", ""test""]","[""refactor"", ""docs""]",0.7112226486206055,"['535708ae50aecb452560a23356fd396f99ef13a2', 'af880ac5b4fecbc6c4f3d1eee0d95f326e8bd9d1']",0.3333333333333333,0.5,0.4,False,0.4285714285714285,4096,True,2
"[""feat"", ""refactor"", ""docs"", ""test"", ""ci"", ""build""]","[""feat"", ""refactor""]",1.1069257259368896,"['68278b00450f2679761a2999500f6d87a579376b', '63eab619e6166eb6cab948028a7b89bf059dd878']",0.3333333333333333,1.0,0.5,False,0.5714285714285714,4096,True,2
"[""ci"", ""test"", ""refactor""]","[""ci"", ""test""]",0.6094975471496582,"['dbb537a26e388a8d7d17faf131abc30c2f7a84e6', 'f411e58cd510f8a2b980b2f1932003a0c0e9f8f3']",0.6666666666666666,1.0,0.8,False,0.1428571428571428,4096,True,2
"[""test"", ""ci""]","[""test"", ""ci""]",0.5891523361206055,"['e2e8ad25854bd1e7cdbc7f50b50bbd99e04ad47d', 'c5fa7b80438fbd74f4c341f0d3c9bd9e0f4910da']",1.0,1.0,1.0,True,0.0,4096,True,2
"[""ci"", ""build""]","[""ci"", ""build""]",0.6318359375,"['45837af24a33308a70a3454f0f650f9fe728e272', '1269431c8a3e7549f10fcbbb4b88ff625c8898b3']",1.0,1.0,1.0,True,0.0,4096,True,2
"[""feat"", ""test"", ""refactor""]","[""feat"", ""test""]",0.7630646228790283,"['1bcf88670b50155b50071e707f98f30cea0b7a24', 'f411e58cd510f8a2b980b2f1932003a0c0e9f8f3']",0.6666666666666666,1.0,0.8,False,0.1428571428571428,4096,True,2
"[""fix"", ""ci""]","[""fix"", ""docs""]",0.4717862606048584,"['9be725fa3906323d4bc9788f54eccf74109d632b', '0cfc5633d37ea06f645649138323f1820e18bdee']",0.5,0.5,0.5,False,0.2857142857142857,4096,True,2
"[""fix"", ""ci""]","[""fix"", ""ci""]",0.437298059463501,"['9be725fa3906323d4bc9788f54eccf74109d632b', 'e96487ad7ce90b141219d9032fa2bed68d5dae6a']",1.0,1.0,1.0,True,0.0,4096,True,2
"[""build"", ""test""]","[""build"", ""test""]",0.6590993404388428,"['1269431c8a3e7549f10fcbbb4b88ff625c8898b3', '317f4eefecddfb1392ca71d551840f446feee302']",1.0,1.0,1.0,True,0.0,4096,True,2
"[""ci"", ""docs""]","[""ci"", ""docs""]",0.4971446990966797,"['dbb537a26e388a8d7d17faf131abc30c2f7a84e6', '0cfc5633d37ea06f645649138323f1820e18bdee']",1.0,1.0,1.0,True,0.0,4096,True,2
"[""refactor"", ""build""]","[""refactor"", ""build""]",1.0072109699249268,"['3cca5c314ad6feeffbfe1f14cf49ebd0fd9a95a2', '454003841aabeb74396d73541378bfa59c75b5db']",1.0,1.0,1.0,True,0.0,4096,True,2
"[""feat"", ""fix"", ""refactor"", ""docs"", ""test"", ""ci"", ""build""]","[""fix"", ""refactor""]",1.4142320156097412,"['2561f4ade46fc9d59f289f328cc77733a6443697', '062daa45cbd5dba6e96e95d8cdcaee89ae30a83c']",0.2857142857142857,1.0,0.4444444444444445,False,0.7142857142857143,4096,True,2
"[""fix"", ""ci""]","[""build"", ""ci""]",0.5035386085510254,"['c44cf88a6ec54e5ddd99d8348bcc57b301ec7945', 'dbb537a26e388a8d7d17faf131abc30c2f7a84e6']",0.5,0.5,0.5,False,0.2857142857142857,4096,True,2
"[""build"", ""feat"", ""refactor""]","[""build"", ""refactor""]",0.7162933349609375,"['32b92cfa0b74a6c25990e32ac6aab12b8496794c', '63eab619e6166eb6cab948028a7b89bf059dd878']",0.6666666666666666,1.0,0.8,False,0.1428571428571428,4096,True,2
"[""feat"", ""ci""]","[""feat"", ""docs""]",0.4989361763000488,"['dc5238b2bda98a7c4f2fe9584fc3b0191a408109', 'e12d9e77a6fd531a22325337838a841b1c67f00d']",0.5,0.5,0.5,False,0.2857142857142857,4096,True,2
"[""ci"", ""docs""]","[""ci"", ""docs""]",0.7383816242218018,"['32845e1bbd1efb5dbc16f671049509a409ba25ce', 'bf83c9155e9bee6925aa7102fab53fb803d52533']",1.0,1.0,1.0,True,0.0,4096,True,2
"[""feat"", ""build"", ""test"", ""refactor""]","[""fix"", ""feat""]",0.9648704528808594,"['d129eaf9125a967ac86c6c7276bbae6b4d50af36', '6ed56ce9ae743ba9a87e6c9643cc06b1de7b748d']",0.25,0.5,0.3333333333333333,False,0.5714285714285714,4096,True,2
"[""feat"", ""refactor"", ""ci""]","[""feat"", ""ci""]",0.7861149311065674,"['1bcf88670b50155b50071e707f98f30cea0b7a24', '74e9de5ec97dc013a52aa063dff0f40ac74c407b']",0.6666666666666666,1.0,0.8,False,0.1428571428571428,4096,True,2
"[""docs"", ""ci""]","[""docs"", ""ci""]",0.4995195865631103,"['036a0ff49a7dade0e04c9c07071a1ff49133ee24', '4cbbd2552ba0de273e1dfe7d453c5b3efed751a3']",1.0,1.0,1.0,True,0.0,4096,True,2
"[""feat"", ""docs"", ""test"", ""ci"", ""build""]","[""test"", ""docs""]",1.2172608375549316,"['e9617f0854030e70365eb264bcb3b58078e79e9e', 'cb1f48b56ae0de93acb72e48726c7d610a1d538e']",0.4,1.0,0.5714285714285715,False,0.4285714285714285,4096,True,2
"[""docs"", ""feat""]","[""docs"", ""feat""]",0.5908453464508057,"['aca23027da1295c78fdf42ba9687d8ccc88784d7', 'f823cf28652987d43c8324b4f5b203240032383a']",1.0,1.0,1.0,True,0.0,4096,True,2
"[""refactor"", ""test"", ""ci"", ""build"", ""docs"", ""feat"", ""fix""]","[""refactor"", ""fix""]",1.0286035537719729,"['47ef9104e4a89e80d7cc6c1950bc080841da4a7b', '06e2be4e2019b6fa714e1fcb34485860ef1ede79']",0.2857142857142857,1.0,0.4444444444444445,False,0.7142857142857143,4096,True,2
"[""build"", ""ci""]","[""build"", ""ci""]",0.4873042106628418,"['5b81fde8a72cf2e69a10e9f5c4f0bea0a2b8c3e0', 'dbb537a26e388a8d7d17faf131abc30c2f7a84e6']",1.0,1.0,1.0,True,0.0,4096,True,2
"[""build"", ""refactor""]","[""build"", ""refactor""]",0.5228011608123779,"['5b81fde8a72cf2e69a10e9f5c4f0bea0a2b8c3e0', '36556bf8e0bce4ab6d26eafacbdad04d9614a5d7']",1.0,1.0,1.0,True,0.0,4096,True,2
"[""feat"", ""test""]","[""fix"", ""test""]",0.5842568874359131,"['9ef5c0d14193a9abb09b39856f58477d1f4b0d77', 'b7ce2894fd1794064bd6db4ed730bb6cb7728739']",0.5,0.5,0.5,False,0.2857142857142857,4096,True,2
"[""fix"", ""build"", ""docs""]","[""build"", ""docs""]",0.6385743618011475,"['c323d59c607cabc91f17a78528d998f376f30b10', 'c2ee5cd5e709afd15c5565ee009a0d204403a119']",0.6666666666666666,1.0,0.8,False,0.1428571428571428,4096,True,2
"[""fix"", ""ci""]","[""fix"", ""ci""]",0.4532079696655273,"['9be725fa3906323d4bc9788f54eccf74109d632b', 'dbb537a26e388a8d7d17faf131abc30c2f7a84e6']",1.0,1.0,1.0,True,0.0,4096,True,2
"[""fix"", ""ci""]","[""fix"", ""ci""]",0.6154108047485352,"['9be725fa3906323d4bc9788f54eccf74109d632b', 'e7a67d88173566be3cd3aed7e9eeb7e29aabbc57']",1.0,1.0,1.0,True,0.0,4096,True,2
"[""feat"", ""refactor"", ""docs""]","[""docs"", ""refactor""]",1.0079381465911863,"['c2ee5cd5e709afd15c5565ee009a0d204403a119', '062daa45cbd5dba6e96e95d8cdcaee89ae30a83c']",0.6666666666666666,1.0,0.8,False,0.1428571428571428,4096,True,2
"[""feat"", ""refactor""]","[""fix"", ""feat""]",0.8167314529418945,"['933ab6bb86372913c992567cf9660009900911a7', 'e137f9fdbdb6bf3f85c3f7ac9323785e445844c8']",0.5,0.5,0.5,False,0.2857142857142857,4096,True,2
"[""fix"", ""build""]","[""fix"", ""build""]",0.5657997131347656,"['9be725fa3906323d4bc9788f54eccf74109d632b', 'c44cf88a6ec54e5ddd99d8348bcc57b301ec7945']",1.0,1.0,1.0,True,0.0,4096,True,2
"[""ci"", ""build"", ""test""]","[""ci"", ""docs""]",0.7441654205322266,"['173553c0372e66e03bdab19e0e6c2dd44daa14a0', 'e12d9e77a6fd531a22325337838a841b1c67f00d']",0.3333333333333333,0.5,0.4,False,0.4285714285714285,4096,True,2
"[""ci"", ""feat""]","[""ci"", ""feat""]",0.5495090484619141,"['6c9cb638cb4d1ecc42632fcf389c24898c5b3244', 'f823cf28652987d43c8324b4f5b203240032383a']",1.0,1.0,1.0,True,0.0,4096,True,2
"[""ci"", ""docs"", ""refactor""]","[""ci"", ""docs""]",0.7178902626037598,"['74e9de5ec97dc013a52aa063dff0f40ac74c407b', 'c2ee5cd5e709afd15c5565ee009a0d204403a119']",0.6666666666666666,1.0,0.8,False,0.1428571428571428,4096,True,2
"[""test"", ""ci""]","[""test"", ""build""]",0.6109535694122314,"['317f4eefecddfb1392ca71d551840f446feee302', '5b81fde8a72cf2e69a10e9f5c4f0bea0a2b8c3e0']",0.5,0.5,0.5,False,0.2857142857142857,4096,True,2
"[""feat"", ""docs""]","[""docs"", ""feat""]",0.5238165855407715,"['a52a585d74894b3b4eeb8c784fa089ff95cddad0', 'f823cf28652987d43c8324b4f5b203240032383a']",1.0,1.0,1.0,True,0.0,4096,True,2
"[""refactor"", ""build""]","[""refactor"", ""build""]",0.5132477283477783,"['47ef9104e4a89e80d7cc6c1950bc080841da4a7b', '5b81fde8a72cf2e69a10e9f5c4f0bea0a2b8c3e0']",1.0,1.0,1.0,True,0.0,4096,True,2
"[""feat"", ""refactor"", ""docs"", ""test"", ""ci"", ""build""]","[""feat"", ""refactor""]",1.4444890022277832,"['e137f9fdbdb6bf3f85c3f7ac9323785e445844c8', '771857b1df9470ebc15357e8879118a72c649d5b']",0.3333333333333333,1.0,0.5,False,0.5714285714285714,4096,True,2
"[""feat"", ""refactor"", ""build"", ""test"", ""ci"", ""docs""]","[""feat"", ""fix""]",1.1569921970367432,"['6ed56ce9ae743ba9a87e6c9643cc06b1de7b748d', 'd1d55e787b7d07f763852602b9939a5394607fd9']",0.1666666666666666,0.5,0.25,False,0.8571428571428571,4096,True,2
"[""build"", ""fix""]","[""build"", ""docs""]",0.5008049011230469,"['c323d59c607cabc91f17a78528d998f376f30b10', '0cfc5633d37ea06f645649138323f1820e18bdee']",0.5,0.5,0.5,False,0.2857142857142857,4096,True,2
"[""feat"", ""test"", ""ci"", ""build"", ""docs""]","[""test"", ""refactor""]",1.1046409606933594,"['8ee0611fbf0cd89abe7ae588f22e6ecb843598ea', '2954a0955ce9af6acb345ed1e8328e145ad30475']",0.2,0.5,0.2857142857142857,False,0.7142857142857143,4096,True,2
"[""refactor""]","[""refactor"", ""fix""]",0.4307634830474853,"['36556bf8e0bce4ab6d26eafacbdad04d9614a5d7', 'c8e0ae8612df3d6f2831acc004aaac332f6105e4']",1.0,0.5,0.6666666666666666,False,0.1428571428571428,4096,True,2
"[""refactor"", ""ci""]","[""build"", ""ci""]",0.6914355754852295,"['e4a11fd5c34942ba12737f1c8c084489428ee274', '173553c0372e66e03bdab19e0e6c2dd44daa14a0']",0.5,0.5,0.5,False,0.2857142857142857,4096,True,2
"[""feat"", ""fix"", ""refactor"", ""docs"", ""test"", ""ci"", ""build""]","[""fix"", ""feat""]",1.0688207149505615,"['c8e0ae8612df3d6f2831acc004aaac332f6105e4', 'f9a094918b62534614c47aa8a13f33aec751a1e0']",0.2857142857142857,1.0,0.4444444444444445,False,0.7142857142857143,4096,True,2
"[""refactor"", ""docs""]","[""refactor"", ""docs""]",0.7282931804656982,"['771857b1df9470ebc15357e8879118a72c649d5b', '0cfc5633d37ea06f645649138323f1820e18bdee']",1.0,1.0,1.0,True,0.0,4096,True,2
"[""feat"", ""refactor"", ""build"", ""test"", ""ci"", ""docs""]","[""feat"", ""fix""]",1.1537816524505615,"['6ed56ce9ae743ba9a87e6c9643cc06b1de7b748d', '87d5d4e55ab7149b593d29410f1fe426ba2447d4']",0.1666666666666666,0.5,0.25,False,0.8571428571428571,4096,True,2
"[""refactor"", ""test""]","[""refactor"", ""test""]",0.803769588470459,"['1db13ec43727aca872a0f3836e4023ed85db665e', '229b53a632ea97d47c4be11f096bdd828fb415d8']",1.0,1.0,1.0,True,0.0,4096,True,2
"[""test"", ""feat""]","[""test"", ""refactor""]",0.7159924507141113,"['317f4eefecddfb1392ca71d551840f446feee302', '63eab619e6166eb6cab948028a7b89bf059dd878']",0.5,0.5,0.5,False,0.2857142857142857,4096,True,2
"[""feat"", ""refactor""]","[""docs"", ""build""]",0.5641205310821533,"['e12d9e77a6fd531a22325337838a841b1c67f00d', 'c44cf88a6ec54e5ddd99d8348bcc57b301ec7945']",0.0,0.0,0.0,False,0.5714285714285714,4096,True,2
"[""refactor"", ""build""]","[""refactor"", ""build""]",0.8368549346923828,"['1db13ec43727aca872a0f3836e4023ed85db665e', '32b92cfa0b74a6c25990e32ac6aab12b8496794c']",1.0,1.0,1.0,True,0.0,4096,True,2
"[""docs"", ""refactor"", ""build""]","[""docs"", ""fix""]",0.7172431945800781,"['c2ee5cd5e709afd15c5565ee009a0d204403a119', 'bed78248c941d57ad4cc20a455147e186e97c7a1']",0.3333333333333333,0.5,0.4,False,0.4285714285714285,4096,True,2
"[""fix"", ""feat"", ""ci"", ""docs""]","[""docs"", ""ci""]",0.8221786022186279,"['bf83c9155e9bee6925aa7102fab53fb803d52533', '173553c0372e66e03bdab19e0e6c2dd44daa14a0']",0.5,1.0,0.6666666666666666,False,0.2857142857142857,4096,True,2
"[""refactor"", ""ci""]","[""refactor"", ""ci""]",0.5360214710235596,"['36556bf8e0bce4ab6d26eafacbdad04d9614a5d7', '74e9de5ec97dc013a52aa063dff0f40ac74c407b']",1.0,1.0,1.0,True,0.0,4096,True,2
"[""test"", ""feat""]","[""test"", ""fix""]",0.5760650634765625,"['e9617f0854030e70365eb264bcb3b58078e79e9e', '87d5d4e55ab7149b593d29410f1fe426ba2447d4']",0.5,0.5,0.5,False,0.2857142857142857,4096,True,2
"[""feat"", ""refactor"", ""docs"", ""test"", ""ci"", ""build""]","[""feat"", ""refactor""]",1.241544246673584,"['e137f9fdbdb6bf3f85c3f7ac9323785e445844c8', '47ef9104e4a89e80d7cc6c1950bc080841da4a7b']",0.3333333333333333,1.0,0.5,False,0.5714285714285714,4096,True,2
"[""refactor"", ""fix"", ""ci""]","[""fix"", ""ci""]",0.705021858215332,"['2561f4ade46fc9d59f289f328cc77733a6443697', '74e9de5ec97dc013a52aa063dff0f40ac74c407b']",0.6666666666666666,1.0,0.8,False,0.1428571428571428,4096,True,2
"[""build"", ""ci""]","[""build"", ""ci""]",0.4357888698577881,"['5b81fde8a72cf2e69a10e9f5c4f0bea0a2b8c3e0', 'e96487ad7ce90b141219d9032fa2bed68d5dae6a']",1.0,1.0,1.0,True,0.0,4096,True,2
"[""build"", ""test"", ""ci""]","[""build"", ""test""]",0.8447704315185547,"['32b92cfa0b74a6c25990e32ac6aab12b8496794c', '8ee0611fbf0cd89abe7ae588f22e6ecb843598ea']",0.6666666666666666,1.0,0.8,False,0.1428571428571428,4096,True,2
"[""refactor"", ""ci""]","[""refactor"", ""ci""]",0.8378326892852783,"['1db13ec43727aca872a0f3836e4023ed85db665e', '74e9de5ec97dc013a52aa063dff0f40ac74c407b']",1.0,1.0,1.0,True,0.0,4096,True,2
"[""refactor"", ""build""]","[""fix"", ""build""]",0.6435132026672363,"['2561f4ade46fc9d59f289f328cc77733a6443697', 'c55591ba157298a9c5816693c102a89dfd058830']",0.5,0.5,0.5,False,0.2857142857142857,4096,True,2
"[""build"", ""refactor""]","[""build"", ""refactor""]",0.7745590209960938,"['5b81fde8a72cf2e69a10e9f5c4f0bea0a2b8c3e0', '1db13ec43727aca872a0f3836e4023ed85db665e']",1.0,1.0,1.0,True,0.0,4096,True,2
"[""test"", ""ci"", ""build"", ""feat""]","[""test"", ""ci""]",0.9531936645507812,"['8ee0611fbf0cd89abe7ae588f22e6ecb843598ea', 'e96487ad7ce90b141219d9032fa2bed68d5dae6a']",0.5,1.0,0.6666666666666666,False,0.2857142857142857,4096,True,2
"[""refactor"", ""test""]","[""test"", ""refactor""]",0.8983097076416016,"['bedc7950b24c37809e36a585b7985d5aa5e3e458', '062daa45cbd5dba6e96e95d8cdcaee89ae30a83c']",1.0,1.0,1.0,True,0.0,4096,True,2
"[""ci"", ""refactor"", ""test"", ""feat""]","[""ci"", ""refactor""]",0.8915061950683594,"['74e9de5ec97dc013a52aa063dff0f40ac74c407b', '63eab619e6166eb6cab948028a7b89bf059dd878']",0.5,1.0,0.6666666666666666,False,0.2857142857142857,4096,True,2
"[""test"", ""docs""]","[""test"", ""docs""]",0.580622673034668,"['317f4eefecddfb1392ca71d551840f446feee302', 'af880ac5b4fecbc6c4f3d1eee0d95f326e8bd9d1']",1.0,1.0,1.0,True,0.0,4096,True,2
"[""feat"", ""refactor""]","[""feat"", ""fix""]",0.5087823867797852,"['dc5238b2bda98a7c4f2fe9584fc3b0191a408109', '9ef5c0d14193a9abb09b39856f58477d1f4b0d77']",0.5,0.5,0.5,False,0.2857142857142857,4096,True,2
"[""refactor"", ""ci""]","[""build"", ""docs""]",0.5939023494720459,"['e4a11fd5c34942ba12737f1c8c084489428ee274', 'e12d9e77a6fd531a22325337838a841b1c67f00d']",0.0,0.0,0.0,False,0.5714285714285714,4096,True,2
"[""feat"", ""build"", ""test"", ""docs"", ""refactor"", ""ci""]","[""feat"", ""refactor""]",1.2529454231262207,"['6ed56ce9ae743ba9a87e6c9643cc06b1de7b748d', '63eab619e6166eb6cab948028a7b89bf059dd878']",0.3333333333333333,1.0,0.5,False,0.5714285714285714,4096,True,2
"[""ci"", ""docs"", ""refactor""]","[""ci"", ""fix"", ""docs""]",0.8716535568237305,"['dbb537a26e388a8d7d17faf131abc30c2f7a84e6', 'd129eaf9125a967ac86c6c7276bbae6b4d50af36', 'cb1f48b56ae0de93acb72e48726c7d610a1d538e']",0.6666666666666666,0.6666666666666666,0.6666666666666666,False,0.2857142857142857,4096,True,3
"[""refactor"", ""test""]","[""fix"", ""refactor"", ""feat""]",0.9532637596130372,"['933ab6bb86372913c992567cf9660009900911a7', '3cca5c314ad6feeffbfe1f14cf49ebd0fd9a95a2', '6ed56ce9ae743ba9a87e6c9643cc06b1de7b748d']",0.5,0.3333333333333333,0.4,False,0.4285714285714285,4096,True,3
"[""build"", ""feat"", ""refactor""]","[""build"", ""feat"", ""ci""]",1.0509417057037354,"['5b81fde8a72cf2e69a10e9f5c4f0bea0a2b8c3e0', 'e137f9fdbdb6bf3f85c3f7ac9323785e445844c8', '32845e1bbd1efb5dbc16f671049509a409ba25ce']",0.6666666666666666,0.6666666666666666,0.6666666666666666,False,0.2857142857142857,4096,True,3
"[""ci"", ""feat"", ""refactor"", ""docs""]","[""ci"", ""docs"", ""feat""]",0.9067096710205078,"['45837af24a33308a70a3454f0f650f9fe728e272', '6d405dfc1675dcad64a2dfac0c0cb0fb28381d21', 'f823cf28652987d43c8324b4f5b203240032383a']",0.75,1.0,0.8571428571428571,False,0.1428571428571428,4096,True,3
"[""ci"", ""build"", ""docs"", ""fix""]","[""ci"", ""docs"", ""build""]",0.7334394454956055,"['6c9cb638cb4d1ecc42632fcf389c24898c5b3244', 'bf83c9155e9bee6925aa7102fab53fb803d52533', 'c323d59c607cabc91f17a78528d998f376f30b10']",0.75,1.0,0.8571428571428571,False,0.1428571428571428,4096,True,3
"[""test"", ""ci"", ""feat"", ""refactor""]","[""test"", ""docs"", ""fix""]",0.8220746517181396,"['229b53a632ea97d47c4be11f096bdd828fb415d8', 'e12d9e77a6fd531a22325337838a841b1c67f00d', 'd129eaf9125a967ac86c6c7276bbae6b4d50af36']",0.25,0.3333333333333333,0.2857142857142857,False,0.7142857142857143,4096,True,3
"[""feat"", ""docs"", ""refactor""]","[""feat"", ""docs"", ""refactor""]",0.7659296989440918,"['68278b00450f2679761a2999500f6d87a579376b', 'c2ee5cd5e709afd15c5565ee009a0d204403a119', '535708ae50aecb452560a23356fd396f99ef13a2']",1.0,1.0,1.0,True,0.0,4096,True,3
"[""build"", ""ci"", ""docs"", ""fix"", ""refactor""]","[""docs"", ""ci"", ""test""]",0.9083290100097656,"['0cfc5633d37ea06f645649138323f1820e18bdee', '6c9cb638cb4d1ecc42632fcf389c24898c5b3244', 'f411e58cd510f8a2b980b2f1932003a0c0e9f8f3']",0.4,0.6666666666666666,0.5,False,0.5714285714285714,4096,True,3
"[""build"", ""refactor""]","[""build"", ""fix"", ""refactor""]",0.6129775047302246,"['1269431c8a3e7549f10fcbbb4b88ff625c8898b3', '933ab6bb86372913c992567cf9660009900911a7', '36556bf8e0bce4ab6d26eafacbdad04d9614a5d7']",1.0,0.6666666666666666,0.8,False,0.1428571428571428,4096,True,3
"[""test"", ""docs"", ""refactor""]","[""test"", ""fix"", ""docs""]",0.7103226184844971,"['c7b25726df94a2530c9b1c0d2b6a0acaa103822f', '933ab6bb86372913c992567cf9660009900911a7', 'c2ee5cd5e709afd15c5565ee009a0d204403a119']",0.6666666666666666,0.6666666666666666,0.6666666666666666,False,0.2857142857142857,4096,True,3
"[""build"", ""ci"", ""docs"", ""feat"", ""fix"", ""refactor"", ""test""]","[""build"", ""refactor"", ""fix""]",1.251920461654663,"['32b92cfa0b74a6c25990e32ac6aab12b8496794c', '771857b1df9470ebc15357e8879118a72c649d5b', '06e2be4e2019b6fa714e1fcb34485860ef1ede79']",0.4285714285714285,1.0,0.6,False,0.5714285714285714,4096,True,3
"[""test"", ""refactor"", ""ci""]","[""test"", ""docs"", ""build""]",0.711965799331665,"['f411e58cd510f8a2b980b2f1932003a0c0e9f8f3', '036a0ff49a7dade0e04c9c07071a1ff49133ee24', 'c44cf88a6ec54e5ddd99d8348bcc57b301ec7945']",0.3333333333333333,0.3333333333333333,0.3333333333333333,False,0.5714285714285714,4096,True,3
"[""feat"", ""refactor"", ""test"", ""build"", ""docs""]","[""feat"", ""test"", ""refactor""]",1.1156926155090332,"['6ed56ce9ae743ba9a87e6c9643cc06b1de7b748d', 'c7b25726df94a2530c9b1c0d2b6a0acaa103822f', '535708ae50aecb452560a23356fd396f99ef13a2']",0.6,1.0,0.7499999999999999,False,0.2857142857142857,4096,True,3
"[""feat"", ""refactor"", ""ci"", ""build"", ""test"", ""docs"", ""fix""]","[""docs"", ""feat"", ""fix""]",1.2418878078460691,"['6d405dfc1675dcad64a2dfac0c0cb0fb28381d21', 'ded26d768ff432ad3bde3c0aa1e95ce50726100a', 'd129eaf9125a967ac86c6c7276bbae6b4d50af36']",0.4285714285714285,1.0,0.6,False,0.5714285714285714,4096,True,3
"[""ci"", ""docs"", ""refactor""]","[""ci"", ""docs"", ""fix""]",0.8471651077270508,"['e7a67d88173566be3cd3aed7e9eeb7e29aabbc57', 'c2ee5cd5e709afd15c5565ee009a0d204403a119', 'bed78248c941d57ad4cc20a455147e186e97c7a1']",0.6666666666666666,0.6666666666666666,0.6666666666666666,False,0.2857142857142857,4096,True,3
"[""ci"", ""docs"", ""refactor"", ""test""]","[""ci"", ""docs"", ""fix""]",0.8686511516571045,"['74e9de5ec97dc013a52aa063dff0f40ac74c407b', 'aca23027da1295c78fdf42ba9687d8ccc88784d7', 'd129eaf9125a967ac86c6c7276bbae6b4d50af36']",0.5,0.6666666666666666,0.5714285714285715,False,0.4285714285714285,4096,True,3
"[""test"", ""refactor"", ""build""]","[""test"", ""fix"", ""build""]",0.7637982368469238,"['c7b25726df94a2530c9b1c0d2b6a0acaa103822f', 'bed78248c941d57ad4cc20a455147e186e97c7a1', 'c55591ba157298a9c5816693c102a89dfd058830']",0.6666666666666666,0.6666666666666666,0.6666666666666666,False,0.2857142857142857,4096,True,3
"[""docs"", ""ci"", ""refactor"", ""build""]","[""docs"", ""ci"", ""fix""]",0.9196653366088868,"['a52a585d74894b3b4eeb8c784fa089ff95cddad0', 'e7a67d88173566be3cd3aed7e9eeb7e29aabbc57', 'bed78248c941d57ad4cc20a455147e186e97c7a1']",0.5,0.6666666666666666,0.5714285714285715,False,0.4285714285714285,4096,True,3
"[""fix"", ""ci"", ""test"", ""build""]","[""build"", ""ci"", ""test""]",0.7673323154449463,"['f00a4d3e307b89842250358ee432e6800bb24362', '6c9cb638cb4d1ecc42632fcf389c24898c5b3244', 'c7b25726df94a2530c9b1c0d2b6a0acaa103822f']",0.75,1.0,0.8571428571428571,False,0.1428571428571428,4096,True,3
"[""feat"", ""feat"", ""feat""]","[""refactor"", ""feat"", ""fix""]",0.7086033821105957,"['2954a0955ce9af6acb345ed1e8328e145ad30475', 'dc5238b2bda98a7c4f2fe9584fc3b0191a408109', '9ef5c0d14193a9abb09b39856f58477d1f4b0d77']",1.0,0.3333333333333333,0.5,False,0.2857142857142857,4096,True,3
"[""ci"", ""test"", ""refactor""]","[""ci"", ""test"", ""fix""]",0.7116334438323975,"['4cbbd2552ba0de273e1dfe7d453c5b3efed751a3', 'f411e58cd510f8a2b980b2f1932003a0c0e9f8f3', '06e2be4e2019b6fa714e1fcb34485860ef1ede79']",0.6666666666666666,0.6666666666666666,0.6666666666666666,False,0.2857142857142857,4096,True,3
"[""feat"", ""refactor"", ""test"", ""build""]","[""feat"", ""refactor"", ""build""]",1.0979721546173096,"['b282e90e2cbb74559aab79eee8443a4d7c85502a', '1db13ec43727aca872a0f3836e4023ed85db665e', '37b1cbfd3d2c462ef4f2a131e4172c38dc8d9ddf']",0.75,1.0,0.8571428571428571,False,0.1428571428571428,4096,True,3
"[""feat"", ""refactor"", ""ci"", ""build""]","[""fix"", ""feat"", ""ci""]",1.012956619262695,"['d129eaf9125a967ac86c6c7276bbae6b4d50af36', 'fd8e563cc19ca4684885d4692acee6bebcca4ada', '173553c0372e66e03bdab19e0e6c2dd44daa14a0']",0.5,0.6666666666666666,0.5714285714285715,False,0.4285714285714285,4096,True,3
"[""feat"", ""docs"", ""test"", ""refactor""]","[""docs"", ""refactor"", ""test""]",0.8979144096374512,"['036a0ff49a7dade0e04c9c07071a1ff49133ee24', '63eab619e6166eb6cab948028a7b89bf059dd878', '229b53a632ea97d47c4be11f096bdd828fb415d8']",0.75,1.0,0.8571428571428571,False,0.1428571428571428,4096,True,3
"[""fix"", ""ci"", ""refactor""]","[""test"", ""ci"", ""feat""]",0.938819408416748,"['c7b25726df94a2530c9b1c0d2b6a0acaa103822f', '32845e1bbd1efb5dbc16f671049509a409ba25ce', 'b282e90e2cbb74559aab79eee8443a4d7c85502a']",0.3333333333333333,0.3333333333333333,0.3333333333333333,False,0.5714285714285714,4096,True,3
"[""feat"", ""refactor"", ""ci"", ""build"", ""test"", ""docs""]","[""feat"", ""build"", ""refactor""]",0.986513614654541,"['f9a094918b62534614c47aa8a13f33aec751a1e0', '5b81fde8a72cf2e69a10e9f5c4f0bea0a2b8c3e0', '36556bf8e0bce4ab6d26eafacbdad04d9614a5d7']",0.5,1.0,0.6666666666666666,False,0.4285714285714285,4096,True,3
"[""feat"", ""build"", ""ci"", ""refactor""]","[""feat"", ""build"", ""docs""]",1.0323340892791748,"['e137f9fdbdb6bf3f85c3f7ac9323785e445844c8', '37b1cbfd3d2c462ef4f2a131e4172c38dc8d9ddf', 'e12d9e77a6fd531a22325337838a841b1c67f00d']",0.5,0.6666666666666666,0.5714285714285715,False,0.4285714285714285,4096,True,3
"[""fix"", ""refactor"", ""ci""]","[""build"", ""refactor"", ""ci""]",0.71474289894104,"['f00a4d3e307b89842250358ee432e6800bb24362', '36556bf8e0bce4ab6d26eafacbdad04d9614a5d7', '4cbbd2552ba0de273e1dfe7d453c5b3efed751a3']",0.6666666666666666,0.6666666666666666,0.6666666666666666,False,0.2857142857142857,4096,True,3
"[""docs"", ""build""]","[""docs"", ""ci"", ""build""]",0.8902773857116699,"['cb1f48b56ae0de93acb72e48726c7d610a1d538e', 'e96487ad7ce90b141219d9032fa2bed68d5dae6a', '454003841aabeb74396d73541378bfa59c75b5db']",1.0,0.6666666666666666,0.8,False,0.1428571428571428,4096,True,3
"[""fix"", ""test"", ""build""]","[""fix"", ""test"", ""build""]",0.6842312812805176,"['d129eaf9125a967ac86c6c7276bbae6b4d50af36', 'e2e8ad25854bd1e7cdbc7f50b50bbd99e04ad47d', '1269431c8a3e7549f10fcbbb4b88ff625c8898b3']",1.0,1.0,1.0,True,0.0,4096,True,3
"[""feat"", ""docs"", ""refactor"", ""test"", ""ci"", ""build""]","[""refactor"", ""docs"", ""feat""]",1.0847315788269043,"['2954a0955ce9af6acb345ed1e8328e145ad30475', 'a52a585d74894b3b4eeb8c784fa089ff95cddad0', 'b282e90e2cbb74559aab79eee8443a4d7c85502a']",0.5,1.0,0.6666666666666666,False,0.4285714285714285,4096,True,3
"[""fix"", ""refactor"", ""test""]","[""docs"", ""refactor"", ""test""]",0.9429514408111572,"['0cfc5633d37ea06f645649138323f1820e18bdee', '1db13ec43727aca872a0f3836e4023ed85db665e', 'bedc7950b24c37809e36a585b7985d5aa5e3e458']",0.6666666666666666,0.6666666666666666,0.6666666666666666,False,0.2857142857142857,4096,True,3
"[""fix"", ""build"", ""test""]","[""fix"", ""docs"", ""test""]",0.6526174545288086,"['933ab6bb86372913c992567cf9660009900911a7', '0cfc5633d37ea06f645649138323f1820e18bdee', 'c7b25726df94a2530c9b1c0d2b6a0acaa103822f']",0.6666666666666666,0.6666666666666666,0.6666666666666666,False,0.2857142857142857,4096,True,3
"[""refactor"", ""ci"", ""test""]","[""refactor"", ""ci"", ""test""]",0.7060487270355225,"['36556bf8e0bce4ab6d26eafacbdad04d9614a5d7', '6c9cb638cb4d1ecc42632fcf389c24898c5b3244', '229b53a632ea97d47c4be11f096bdd828fb415d8']",1.0,1.0,1.0,True,0.0,4096,True,3
"[""ci"", ""test"", ""docs""]","[""ci"", ""test"", ""docs""]",0.8134713172912598,"['c5fa7b80438fbd74f4c341f0d3c9bd9e0f4910da', '229b53a632ea97d47c4be11f096bdd828fb415d8', 'aca23027da1295c78fdf42ba9687d8ccc88784d7']",1.0,1.0,1.0,True,0.0,4096,True,3
"[""feat"", ""build"", ""refactor""]","[""feat"", ""docs"", ""fix""]",0.7948975563049316,"['f823cf28652987d43c8324b4f5b203240032383a', '0cfc5633d37ea06f645649138323f1820e18bdee', '9ef5c0d14193a9abb09b39856f58477d1f4b0d77']",0.3333333333333333,0.3333333333333333,0.3333333333333333,False,0.5714285714285714,4096,True,3
"[""test"", ""build""]","[""test"", ""fix"", ""build""]",0.6905934810638428,"['317f4eefecddfb1392ca71d551840f446feee302', '06e2be4e2019b6fa714e1fcb34485860ef1ede79', 'c55591ba157298a9c5816693c102a89dfd058830']",1.0,0.6666666666666666,0.8,False,0.1428571428571428,4096,True,3
"[""feat"", ""refactor"", ""docs"", ""build""]","[""feat"", ""docs"", ""refactor""]",0.9312090873718262,"['e137f9fdbdb6bf3f85c3f7ac9323785e445844c8', 'bf83c9155e9bee6925aa7102fab53fb803d52533', '36556bf8e0bce4ab6d26eafacbdad04d9614a5d7']",0.75,1.0,0.8571428571428571,False,0.1428571428571428,4096,True,3
"[""feat"", ""build"", ""refactor""]","[""fix"", ""ci"", ""build""]",0.6655402183532715,"['d129eaf9125a967ac86c6c7276bbae6b4d50af36', '6c9cb638cb4d1ecc42632fcf389c24898c5b3244', 'c44cf88a6ec54e5ddd99d8348bcc57b301ec7945']",0.3333333333333333,0.3333333333333333,0.3333333333333333,False,0.5714285714285714,4096,True,3
"[""fix"", ""feat"", ""docs""]","[""fix"", ""refactor"", ""docs""]",0.6893768310546875,"['2561f4ade46fc9d59f289f328cc77733a6443697', '2954a0955ce9af6acb345ed1e8328e145ad30475', 'a52a585d74894b3b4eeb8c784fa089ff95cddad0']",0.6666666666666666,0.6666666666666666,0.6666666666666666,False,0.2857142857142857,4096,True,3
"[""build"", ""fix""]","[""build"", ""feat"", ""fix""]",0.5538275241851807,"['c55591ba157298a9c5816693c102a89dfd058830', 'dc5238b2bda98a7c4f2fe9584fc3b0191a408109', '9be725fa3906323d4bc9788f54eccf74109d632b']",1.0,0.6666666666666666,0.8,False,0.1428571428571428,4096,True,3
"[""test"", ""refactor"", ""feat""]","[""test"", ""refactor"", ""feat""]",0.9120798110961914,"['229b53a632ea97d47c4be11f096bdd828fb415d8', '36556bf8e0bce4ab6d26eafacbdad04d9614a5d7', 'ded26d768ff432ad3bde3c0aa1e95ce50726100a']",1.0,1.0,1.0,True,0.0,4096,True,3
"[""test"", ""ci"", ""build""]","[""test"", ""build"", ""ci""]",0.8462743759155273,"['e0198f74b81da3663144cfe1d971939319f82a0f', 'c55591ba157298a9c5816693c102a89dfd058830', 'e7a67d88173566be3cd3aed7e9eeb7e29aabbc57']",1.0,1.0,1.0,True,0.0,4096,True,3
"[""feat"", ""test"", ""refactor"", ""docs""]","[""test"", ""fix"", ""docs""]",0.8847639560699463,"['bedc7950b24c37809e36a585b7985d5aa5e3e458', '933ab6bb86372913c992567cf9660009900911a7', '6d405dfc1675dcad64a2dfac0c0cb0fb28381d21']",0.5,0.6666666666666666,0.5714285714285715,False,0.4285714285714285,4096,True,3
"[""fix"", ""refactor"", ""test""]","[""fix"", ""build"", ""test""]",0.7892594337463379,"['d129eaf9125a967ac86c6c7276bbae6b4d50af36', '32b92cfa0b74a6c25990e32ac6aab12b8496794c', '317f4eefecddfb1392ca71d551840f446feee302']",0.6666666666666666,0.6666666666666666,0.6666666666666666,False,0.2857142857142857,4096,True,3
"[""feat"", ""fix"", ""ci""]","[""feat"", ""fix"", ""ci""]",0.9041507244110109,"['f823cf28652987d43c8324b4f5b203240032383a', '9be725fa3906323d4bc9788f54eccf74109d632b', '32845e1bbd1efb5dbc16f671049509a409ba25ce']",1.0,1.0,1.0,True,0.0,4096,True,3
"[""feat"", ""build"", ""docs""]","[""fix"", ""docs"", ""build""]",0.7372586727142334,"['9ef5c0d14193a9abb09b39856f58477d1f4b0d77', 'a52a585d74894b3b4eeb8c784fa089ff95cddad0', '37b1cbfd3d2c462ef4f2a131e4172c38dc8d9ddf']",0.6666666666666666,0.6666666666666666,0.6666666666666666,False,0.2857142857142857,4096,True,3
"[""feat"", ""ci"", ""docs""]","[""fix"", ""ci"", ""docs""]",0.6832799911499023,"['87d5d4e55ab7149b593d29410f1fe426ba2447d4', '4cbbd2552ba0de273e1dfe7d453c5b3efed751a3', '6d405dfc1675dcad64a2dfac0c0cb0fb28381d21']",0.6666666666666666,0.6666666666666666,0.6666666666666666,False,0.2857142857142857,4096,True,3
"[""feat"", ""docs""]","[""feat"", ""docs"", ""fix""]",0.905853509902954,"['fd8e563cc19ca4684885d4692acee6bebcca4ada', 'cb1f48b56ae0de93acb72e48726c7d610a1d538e', 'bed78248c941d57ad4cc20a455147e186e97c7a1']",1.0,0.6666666666666666,0.8,False,0.1428571428571428,4096,True,3
"[""refactor"", ""feat""]","[""feat"", ""fix"", ""refactor""]",0.8878238201141357,"['1bcf88670b50155b50071e707f98f30cea0b7a24', '9ef5c0d14193a9abb09b39856f58477d1f4b0d77', '062daa45cbd5dba6e96e95d8cdcaee89ae30a83c']",1.0,0.6666666666666666,0.8,False,0.1428571428571428,4096,True,3
"[""fix"", ""docs"", ""build"", ""test""]","[""fix"", ""docs"", ""test""]",0.8714327812194824,"['bed78248c941d57ad4cc20a455147e186e97c7a1', 'a52a585d74894b3b4eeb8c784fa089ff95cddad0', 'e9617f0854030e70365eb264bcb3b58078e79e9e']",0.75,1.0,0.8571428571428571,False,0.1428571428571428,4096,True,3
"[""docs"", ""ci"", ""refactor""]","[""docs"", ""ci"", ""feat""]",0.81992506980896,"['c2ee5cd5e709afd15c5565ee009a0d204403a119', 'dbb537a26e388a8d7d17faf131abc30c2f7a84e6', 'ded26d768ff432ad3bde3c0aa1e95ce50726100a']",0.6666666666666666,0.6666666666666666,0.6666666666666666,False,0.2857142857142857,4096,True,3
"[""build"", ""refactor""]","[""build"", ""ci"", ""refactor""]",0.8532912731170654,"['454003841aabeb74396d73541378bfa59c75b5db', 'dbb537a26e388a8d7d17faf131abc30c2f7a84e6', '062daa45cbd5dba6e96e95d8cdcaee89ae30a83c']",1.0,0.6666666666666666,0.8,False,0.1428571428571428,4096,True,3
"[""feat"", ""test"", ""ci"", ""build"", ""docs"", ""refactor""]","[""feat"", ""fix"", ""test""]",1.1374773979187012,"['fd8e563cc19ca4684885d4692acee6bebcca4ada', 'd1d55e787b7d07f763852602b9939a5394607fd9', 'b7ce2894fd1794064bd6db4ed730bb6cb7728739']",0.3333333333333333,0.6666666666666666,0.4444444444444444,False,0.7142857142857143,4096,True,3
"[""docs"", ""test"", ""ci"", ""build""]","[""docs"", ""test"", ""build""]",0.8383240699768066,"['bf83c9155e9bee6925aa7102fab53fb803d52533', 'b7ce2894fd1794064bd6db4ed730bb6cb7728739', '37b1cbfd3d2c462ef4f2a131e4172c38dc8d9ddf']",0.75,1.0,0.8571428571428571,False,0.1428571428571428,4096,True,3
"[""feat"", ""ci"", ""test""]","[""fix"", ""ci"", ""test""]",0.8460822105407715,"['d129eaf9125a967ac86c6c7276bbae6b4d50af36', 'e7a67d88173566be3cd3aed7e9eeb7e29aabbc57', '317f4eefecddfb1392ca71d551840f446feee302']",0.6666666666666666,0.6666666666666666,0.6666666666666666,False,0.2857142857142857,4096,True,3
"[""docs"", ""build"", ""refactor""]","[""docs"", ""fix"", ""ci""]",0.706122636795044,"['c2ee5cd5e709afd15c5565ee009a0d204403a119', 'd1d55e787b7d07f763852602b9939a5394607fd9', '6c9cb638cb4d1ecc42632fcf389c24898c5b3244']",0.3333333333333333,0.3333333333333333,0.3333333333333333,False,0.5714285714285714,4096,True,3
"[""ci"", ""refactor"", ""docs""]","[""ci"", ""fix"", ""docs""]",0.6694955825805664,"['dbb537a26e388a8d7d17faf131abc30c2f7a84e6', 'c8e0ae8612df3d6f2831acc004aaac332f6105e4', 'e12d9e77a6fd531a22325337838a841b1c67f00d']",0.6666666666666666,0.6666666666666666,0.6666666666666666,False,0.2857142857142857,4096,True,3
"[""build"", ""docs"", ""feat"", ""refactor"", ""test""]","[""build"", ""docs"", ""refactor""]",0.9156131744384766,"['c55591ba157298a9c5816693c102a89dfd058830', 'c2ee5cd5e709afd15c5565ee009a0d204403a119', 'a62314d9bb632be6af026686615d14b912250512']",0.6,1.0,0.7499999999999999,False,0.2857142857142857,4096,True,3
"[""refactor"", ""ci"", ""build"", ""test"", ""docs"", ""feat"", ""fix""]","[""fix"", ""build"", ""refactor""]",1.270500421524048,"['d1d55e787b7d07f763852602b9939a5394607fd9', '32b92cfa0b74a6c25990e32ac6aab12b8496794c', '062daa45cbd5dba6e96e95d8cdcaee89ae30a83c']",0.4285714285714285,1.0,0.6,False,0.5714285714285714,4096,True,3
"[""test"", ""ci"", ""build"", ""refactor""]","[""test"", ""docs"", ""build""]",0.84311842918396,"['f411e58cd510f8a2b980b2f1932003a0c0e9f8f3', 'af880ac5b4fecbc6c4f3d1eee0d95f326e8bd9d1', '1269431c8a3e7549f10fcbbb4b88ff625c8898b3']",0.5,0.6666666666666666,0.5714285714285715,False,0.4285714285714285,4096,True,3
"[""feat"", ""test"", ""refactor"", ""build""]","[""feat"", ""fix"", ""test""]",0.8426191806793213,"['f9a094918b62534614c47aa8a13f33aec751a1e0', '87d5d4e55ab7149b593d29410f1fe426ba2447d4', '317f4eefecddfb1392ca71d551840f446feee302']",0.5,0.6666666666666666,0.5714285714285715,False,0.4285714285714285,4096,True,3
"[""test"", ""feat"", ""build""]","[""test"", ""fix"", ""feat""]",0.7169528007507324,"['229b53a632ea97d47c4be11f096bdd828fb415d8', 'c8e0ae8612df3d6f2831acc004aaac332f6105e4', 'f823cf28652987d43c8324b4f5b203240032383a']",0.6666666666666666,0.6666666666666666,0.6666666666666666,False,0.2857142857142857,4096,True,3
"[""feat"", ""fix"", ""refactor"", ""docs"", ""test"", ""ci"", ""build""]","[""feat"", ""fix"", ""docs""]",1.068002462387085,"['dc5238b2bda98a7c4f2fe9584fc3b0191a408109', '06e2be4e2019b6fa714e1fcb34485860ef1ede79', 'af880ac5b4fecbc6c4f3d1eee0d95f326e8bd9d1']",0.4285714285714285,1.0,0.6,False,0.5714285714285714,4096,True,3
"[""ci"", ""feat"", ""refactor"", ""test""]","[""ci"", ""docs"", ""test""]",0.866924524307251,"['173553c0372e66e03bdab19e0e6c2dd44daa14a0', 'e12d9e77a6fd531a22325337838a841b1c67f00d', 'c7b25726df94a2530c9b1c0d2b6a0acaa103822f']",0.5,0.6666666666666666,0.5714285714285715,False,0.4285714285714285,4096,True,3
"[""ci"", ""refactor"", ""docs""]","[""ci"", ""fix"", ""docs""]",0.6939196586608887,"['dbb537a26e388a8d7d17faf131abc30c2f7a84e6', '2561f4ade46fc9d59f289f328cc77733a6443697', 'e12d9e77a6fd531a22325337838a841b1c67f00d']",0.6666666666666666,0.6666666666666666,0.6666666666666666,False,0.2857142857142857,4096,True,3
"[""feat"", ""test"", ""ci"", ""build""]","[""feat"", ""fix"", ""test""]",0.8354015350341797,"['f823cf28652987d43c8324b4f5b203240032383a', '9ef5c0d14193a9abb09b39856f58477d1f4b0d77', '229b53a632ea97d47c4be11f096bdd828fb415d8']",0.5,0.6666666666666666,0.5714285714285715,False,0.4285714285714285,4096,True,3
"[""feat"", ""ci"", ""refactor"", ""docs"", ""test"", ""build""]","[""docs"", ""ci"", ""feat""]",1.1856141090393066,"['6d405dfc1675dcad64a2dfac0c0cb0fb28381d21', '173553c0372e66e03bdab19e0e6c2dd44daa14a0', 'b282e90e2cbb74559aab79eee8443a4d7c85502a']",0.5,1.0,0.6666666666666666,False,0.4285714285714285,4096,True,3
"[""ci"", ""docs"", ""feat"", ""refactor""]","[""ci"", ""docs"", ""build""]",0.8904950618743896,"['c5fa7b80438fbd74f4c341f0d3c9bd9e0f4910da', '036a0ff49a7dade0e04c9c07071a1ff49133ee24', 'c44cf88a6ec54e5ddd99d8348bcc57b301ec7945']",0.5,0.6666666666666666,0.5714285714285715,False,0.4285714285714285,4096,True,3
"[""ci"", ""refactor"", ""build""]","[""ci"", ""feat"", ""build""]",0.9922647476196288,"['32845e1bbd1efb5dbc16f671049509a409ba25ce', 'b282e90e2cbb74559aab79eee8443a4d7c85502a', '37b1cbfd3d2c462ef4f2a131e4172c38dc8d9ddf']",0.6666666666666666,0.6666666666666666,0.6666666666666666,False,0.2857142857142857,4096,True,3
"[""test"", ""build"", ""feat"", ""fix""]","[""test"", ""build"", ""fix"", ""feat""]",0.9093587398529052,"['e0198f74b81da3663144cfe1d971939319f82a0f', 'f00a4d3e307b89842250358ee432e6800bb24362', 'd129eaf9125a967ac86c6c7276bbae6b4d50af36', 'dc5238b2bda98a7c4f2fe9584fc3b0191a408109']",1.0,1.0,1.0,True,0.0,4096,True,4
"[""ci"", ""docs"", ""feat"", ""refactor"", ""test""]","[""ci"", ""build"", ""test"", ""docs""]",1.047990083694458,"['c5fa7b80438fbd74f4c341f0d3c9bd9e0f4910da', '1269431c8a3e7549f10fcbbb4b88ff625c8898b3', 'e2e8ad25854bd1e7cdbc7f50b50bbd99e04ad47d', '036a0ff49a7dade0e04c9c07071a1ff49133ee24']",0.6,0.75,0.6666666666666665,False,0.4285714285714285,4096,True,4
"[""refactor"", ""docs"", ""test""]","[""refactor"", ""feat"", ""docs"", ""test""]",0.8492276668548584,"['3cca5c314ad6feeffbfe1f14cf49ebd0fd9a95a2', 'dc5238b2bda98a7c4f2fe9584fc3b0191a408109', 'aca23027da1295c78fdf42ba9687d8ccc88784d7', '229b53a632ea97d47c4be11f096bdd828fb415d8']",1.0,0.75,0.8571428571428571,False,0.1428571428571428,4096,True,4
"[""fix"", ""build"", ""refactor"", ""test""]","[""fix"", ""test"", ""build"", ""refactor""]",0.9552230834960938,"['d1d55e787b7d07f763852602b9939a5394607fd9', 'bedc7950b24c37809e36a585b7985d5aa5e3e458', 'c55591ba157298a9c5816693c102a89dfd058830', '535708ae50aecb452560a23356fd396f99ef13a2']",1.0,1.0,1.0,True,0.0,4096,True,4
"[""feat"", ""refactor"", ""docs"", ""build"", ""test"", ""ci""]","[""docs"", ""build"", ""ci"", ""feat""]",1.268702268600464,"['a52a585d74894b3b4eeb8c784fa089ff95cddad0', '1269431c8a3e7549f10fcbbb4b88ff625c8898b3', '45837af24a33308a70a3454f0f650f9fe728e272', 'e137f9fdbdb6bf3f85c3f7ac9323785e445844c8']",0.6666666666666666,1.0,0.8,False,0.2857142857142857,4096,True,4
"[""feat"", ""fix"", ""test"", ""ci"", ""docs""]","[""test"", ""fix"", ""refactor"", ""ci""]",1.1082921028137207,"['e9617f0854030e70365eb264bcb3b58078e79e9e', 'bed78248c941d57ad4cc20a455147e186e97c7a1', '535708ae50aecb452560a23356fd396f99ef13a2', 'c5fa7b80438fbd74f4c341f0d3c9bd9e0f4910da']",0.6,0.75,0.6666666666666665,False,0.4285714285714285,4096,True,4
"[""ci"", ""feat"", ""refactor"", ""build""]","[""ci"", ""fix"", ""feat"", ""refactor""]",1.0608599185943604,"['e7a67d88173566be3cd3aed7e9eeb7e29aabbc57', 'bed78248c941d57ad4cc20a455147e186e97c7a1', 'f823cf28652987d43c8324b4f5b203240032383a', '2954a0955ce9af6acb345ed1e8328e145ad30475']",0.75,0.75,0.75,False,0.2857142857142857,4096,True,4
"[""docs"", ""ci"", ""test"", ""refactor""]","[""docs"", ""ci"", ""test"", ""refactor""]",1.154896259307861,"['aca23027da1295c78fdf42ba9687d8ccc88784d7', '74e9de5ec97dc013a52aa063dff0f40ac74c407b', '317f4eefecddfb1392ca71d551840f446feee302', '3cca5c314ad6feeffbfe1f14cf49ebd0fd9a95a2']",1.0,1.0,1.0,True,0.0,4096,True,4
"[""fix"", ""feat"", ""build"", ""ci"", ""test"", ""docs""]","[""fix"", ""feat"", ""build"", ""docs""]",1.114268779754639,"['9be725fa3906323d4bc9788f54eccf74109d632b', 'e137f9fdbdb6bf3f85c3f7ac9323785e445844c8', 'c323d59c607cabc91f17a78528d998f376f30b10', '0cfc5633d37ea06f645649138323f1820e18bdee']",0.6666666666666666,1.0,0.8,False,0.2857142857142857,4096,True,4
"[""fix"", ""feat"", ""test"", ""ci"", ""build"", ""docs"", ""refactor""]","[""docs"", ""feat"", ""test"", ""fix""]",1.255363941192627,"['0cfc5633d37ea06f645649138323f1820e18bdee', '1bcf88670b50155b50071e707f98f30cea0b7a24', '229b53a632ea97d47c4be11f096bdd828fb415d8', '87d5d4e55ab7149b593d29410f1fe426ba2447d4']",0.5714285714285714,1.0,0.7272727272727273,False,0.4285714285714285,4096,True,4
"[""build"", ""refactor"", ""test""]","[""build"", ""refactor"", ""test"", ""ci""]",0.8696877956390381,"['c55591ba157298a9c5816693c102a89dfd058830', '062daa45cbd5dba6e96e95d8cdcaee89ae30a83c', 'c7b25726df94a2530c9b1c0d2b6a0acaa103822f', 'dbb537a26e388a8d7d17faf131abc30c2f7a84e6']",1.0,0.75,0.8571428571428571,False,0.1428571428571428,4096,True,4
"[""feat"", ""fix"", ""refactor"", ""test"", ""ci"", ""build"", ""docs""]","[""feat"", ""fix"", ""test"", ""refactor""]",1.118985652923584,"['dc5238b2bda98a7c4f2fe9584fc3b0191a408109', 'c8e0ae8612df3d6f2831acc004aaac332f6105e4', 'f411e58cd510f8a2b980b2f1932003a0c0e9f8f3', '47ef9104e4a89e80d7cc6c1950bc080841da4a7b']",0.5714285714285714,1.0,0.7272727272727273,False,0.4285714285714285,4096,True,4
"[""feat"", ""docs"", ""test"", ""ci"", ""build""]","[""refactor"", ""docs"", ""test"", ""ci""]",1.132636785507202,"['63eab619e6166eb6cab948028a7b89bf059dd878', 'aca23027da1295c78fdf42ba9687d8ccc88784d7', 'f411e58cd510f8a2b980b2f1932003a0c0e9f8f3', 'e7a67d88173566be3cd3aed7e9eeb7e29aabbc57']",0.6,0.75,0.6666666666666665,False,0.4285714285714285,4096,True,4
"[""feat"", ""docs"", ""refactor"", ""test"", ""ci"", ""build""]","[""docs"", ""refactor"", ""test"", ""fix""]",1.2445855140686035,"['aca23027da1295c78fdf42ba9687d8ccc88784d7', '062daa45cbd5dba6e96e95d8cdcaee89ae30a83c', 'b7ce2894fd1794064bd6db4ed730bb6cb7728739', '06e2be4e2019b6fa714e1fcb34485860ef1ede79']",0.5,0.75,0.6,False,0.5714285714285714,4096,True,4
"[""test"", ""docs"", ""build"", ""ci"", ""feat""]","[""test"", ""docs"", ""build"", ""ci""]",1.1974644660949707,"['317f4eefecddfb1392ca71d551840f446feee302', 'aca23027da1295c78fdf42ba9687d8ccc88784d7', 'f00a4d3e307b89842250358ee432e6800bb24362', '32845e1bbd1efb5dbc16f671049509a409ba25ce']",0.8,1.0,0.888888888888889,False,0.1428571428571428,4096,True,4
"[""refactor"", ""test""]","[""fix"", ""refactor"", ""docs"", ""test""]",0.7162714004516602,"['933ab6bb86372913c992567cf9660009900911a7', '3cca5c314ad6feeffbfe1f14cf49ebd0fd9a95a2', 'a52a585d74894b3b4eeb8c784fa089ff95cddad0', '229b53a632ea97d47c4be11f096bdd828fb415d8']",1.0,0.5,0.6666666666666666,False,0.2857142857142857,4096,True,4
"[""feat"", ""docs"", ""build"", ""ci""]","[""refactor"", ""ci"", ""docs"", ""build""]",0.9087870121002196,"['63eab619e6166eb6cab948028a7b89bf059dd878', '6c9cb638cb4d1ecc42632fcf389c24898c5b3244', 'a52a585d74894b3b4eeb8c784fa089ff95cddad0', 'c55591ba157298a9c5816693c102a89dfd058830']",0.75,0.75,0.75,False,0.2857142857142857,4096,True,4
"[""ci"", ""test"", ""build"", ""feat"", ""refactor"", ""docs""]","[""ci"", ""build"", ""test"", ""fix""]",1.3058617115020752,"['173553c0372e66e03bdab19e0e6c2dd44daa14a0', 'c55591ba157298a9c5816693c102a89dfd058830', '8ee0611fbf0cd89abe7ae588f22e6ecb843598ea', '87d5d4e55ab7149b593d29410f1fe426ba2447d4']",0.5,0.75,0.6,False,0.5714285714285714,4096,True,4
"[""ci"", ""feat"", ""refactor"", ""build""]","[""ci"", ""build"", ""feat"", ""fix""]",1.0457181930541992,"['32845e1bbd1efb5dbc16f671049509a409ba25ce', '32b92cfa0b74a6c25990e32ac6aab12b8496794c', 'fd8e563cc19ca4684885d4692acee6bebcca4ada', '933ab6bb86372913c992567cf9660009900911a7']",0.75,0.75,0.75,False,0.2857142857142857,4096,True,4
"[""test"", ""ci"", ""refactor"", ""feat"", ""build""]","[""test"", ""build"", ""fix"", ""feat""]",1.331054449081421,"['317f4eefecddfb1392ca71d551840f446feee302', '454003841aabeb74396d73541378bfa59c75b5db', '933ab6bb86372913c992567cf9660009900911a7', '6ed56ce9ae743ba9a87e6c9643cc06b1de7b748d']",0.6,0.75,0.6666666666666665,False,0.4285714285714285,4096,True,4
"[""fix"", ""feat"", ""test"", ""refactor""]","[""fix"", ""docs"", ""test"", ""refactor""]",0.9412569999694824,"['d1d55e787b7d07f763852602b9939a5394607fd9', '6d405dfc1675dcad64a2dfac0c0cb0fb28381d21', 'e0198f74b81da3663144cfe1d971939319f82a0f', '36556bf8e0bce4ab6d26eafacbdad04d9614a5d7']",0.75,0.75,0.75,False,0.2857142857142857,4096,True,4
"[""ci"", ""feat"", ""refactor"", ""test""]","[""ci"", ""docs"", ""build"", ""feat""]",0.971050500869751,"['e7a67d88173566be3cd3aed7e9eeb7e29aabbc57', '6d405dfc1675dcad64a2dfac0c0cb0fb28381d21', 'c44cf88a6ec54e5ddd99d8348bcc57b301ec7945', 'f9a094918b62534614c47aa8a13f33aec751a1e0']",0.5,0.5,0.5,False,0.5714285714285714,4096,True,4
"[""feat"", ""fix"", ""test"", ""refactor"", ""docs""]","[""fix"", ""test"", ""feat"", ""docs""]",1.226764440536499,"['2561f4ade46fc9d59f289f328cc77733a6443697', 'e0198f74b81da3663144cfe1d971939319f82a0f', '1bcf88670b50155b50071e707f98f30cea0b7a24', '6d405dfc1675dcad64a2dfac0c0cb0fb28381d21']",0.8,1.0,0.888888888888889,False,0.1428571428571428,4096,True,4
"[""ci"", ""test"", ""refactor""]","[""ci"", ""fix"", ""test"", ""docs""]",0.7558884620666504,"['4cbbd2552ba0de273e1dfe7d453c5b3efed751a3', '933ab6bb86372913c992567cf9660009900911a7', 'b7ce2894fd1794064bd6db4ed730bb6cb7728739', 'af880ac5b4fecbc6c4f3d1eee0d95f326e8bd9d1']",0.6666666666666666,0.5,0.5714285714285715,False,0.4285714285714285,4096,True,4
"[""feat"", ""refactor"", ""ci"", ""build"", ""docs"", ""test""]","[""feat"", ""ci"", ""refactor"", ""fix""]",1.2335143089294434,"['f823cf28652987d43c8324b4f5b203240032383a', '45837af24a33308a70a3454f0f650f9fe728e272', '36556bf8e0bce4ab6d26eafacbdad04d9614a5d7', 'bed78248c941d57ad4cc20a455147e186e97c7a1']",0.5,0.75,0.6,False,0.5714285714285714,4096,True,4
"[""feat"", ""fix"", ""refactor"", ""docs"", ""test"", ""ci"", ""build""]","[""refactor"", ""feat"", ""docs"", ""build""]",1.371720314025879,"['63eab619e6166eb6cab948028a7b89bf059dd878', 'e137f9fdbdb6bf3f85c3f7ac9323785e445844c8', 'a52a585d74894b3b4eeb8c784fa089ff95cddad0', 'f00a4d3e307b89842250358ee432e6800bb24362']",0.5714285714285714,1.0,0.7272727272727273,False,0.4285714285714285,4096,True,4
"[""build"", ""test"", ""refactor"", ""ci""]","[""build"", ""test"", ""ci"", ""refactor""]",1.1854677200317385,"['1269431c8a3e7549f10fcbbb4b88ff625c8898b3', '8ee0611fbf0cd89abe7ae588f22e6ecb843598ea', '45837af24a33308a70a3454f0f650f9fe728e272', '63eab619e6166eb6cab948028a7b89bf059dd878']",1.0,1.0,1.0,True,0.0,4096,True,4
"[""build"", ""docs"", ""feat"", ""refactor"", ""test""]","[""build"", ""docs"", ""feat"", ""fix""]",1.1465444564819336,"['37b1cbfd3d2c462ef4f2a131e4172c38dc8d9ddf', '6d405dfc1675dcad64a2dfac0c0cb0fb28381d21', 'b282e90e2cbb74559aab79eee8443a4d7c85502a', '2561f4ade46fc9d59f289f328cc77733a6443697']",0.6,0.75,0.6666666666666665,False,0.4285714285714285,4096,True,4
"[""build"", ""test"", ""ci"", ""refactor""]","[""build"", ""test"", ""ci"", ""feat""]",1.2089614868164062,"['c55591ba157298a9c5816693c102a89dfd058830', '317f4eefecddfb1392ca71d551840f446feee302', 'c5fa7b80438fbd74f4c341f0d3c9bd9e0f4910da', '6ed56ce9ae743ba9a87e6c9643cc06b1de7b748d']",0.75,0.75,0.75,False,0.2857142857142857,4096,True,4
"[""refactor"", ""build"", ""docs"", ""test"", ""ci"", ""feat"", ""fix""]","[""fix"", ""build"", ""docs"", ""refactor""]",1.2823443412780762,"['933ab6bb86372913c992567cf9660009900911a7', '5b81fde8a72cf2e69a10e9f5c4f0bea0a2b8c3e0', 'c2ee5cd5e709afd15c5565ee009a0d204403a119', '3cca5c314ad6feeffbfe1f14cf49ebd0fd9a95a2']",0.5714285714285714,1.0,0.7272727272727273,False,0.4285714285714285,4096,True,4
"[""refactor"", ""feat"", ""docs"", ""test"", ""ci""]","[""fix"", ""feat"", ""docs"", ""ci""]",0.9810495376586914,"['933ab6bb86372913c992567cf9660009900911a7', 'dc5238b2bda98a7c4f2fe9584fc3b0191a408109', '036a0ff49a7dade0e04c9c07071a1ff49133ee24', 'e7a67d88173566be3cd3aed7e9eeb7e29aabbc57']",0.6,0.75,0.6666666666666665,False,0.4285714285714285,4096,True,4
"[""fix"", ""feat"", ""refactor"", ""docs"", ""test"", ""ci"", ""build""]","[""docs"", ""fix"", ""feat"", ""refactor""]",1.1107378005981443,"['af880ac5b4fecbc6c4f3d1eee0d95f326e8bd9d1', 'c8e0ae8612df3d6f2831acc004aaac332f6105e4', 'f9a094918b62534614c47aa8a13f33aec751a1e0', '47ef9104e4a89e80d7cc6c1950bc080841da4a7b']",0.5714285714285714,1.0,0.7272727272727273,False,0.4285714285714285,4096,True,4
"[""feat"", ""refactor"", ""ci"", ""build""]","[""fix"", ""build"", ""feat"", ""ci""]",1.127162218093872,"['d129eaf9125a967ac86c6c7276bbae6b4d50af36', '1269431c8a3e7549f10fcbbb4b88ff625c8898b3', 'e137f9fdbdb6bf3f85c3f7ac9323785e445844c8', '173553c0372e66e03bdab19e0e6c2dd44daa14a0']",0.75,0.75,0.75,False,0.2857142857142857,4096,True,4
"[""feat"", ""fix"", ""refactor"", ""build""]","[""feat"", ""refactor"", ""test"", ""build""]",0.8371801376342773,"['dc5238b2bda98a7c4f2fe9584fc3b0191a408109', '771857b1df9470ebc15357e8879118a72c649d5b', 'b7ce2894fd1794064bd6db4ed730bb6cb7728739', 'c323d59c607cabc91f17a78528d998f376f30b10']",0.75,0.75,0.75,False,0.2857142857142857,4096,True,4
"[""build"", ""test"", ""fix"", ""refactor"", ""ci""]","[""build"", ""test"", ""ci"", ""fix""]",1.0019807815551758,"['5b81fde8a72cf2e69a10e9f5c4f0bea0a2b8c3e0', 'b7ce2894fd1794064bd6db4ed730bb6cb7728739', '74e9de5ec97dc013a52aa063dff0f40ac74c407b', 'd129eaf9125a967ac86c6c7276bbae6b4d50af36']",0.8,1.0,0.888888888888889,False,0.1428571428571428,4096,True,4
"[""feat"", ""fix"", ""refactor"", ""build"", ""ci"", ""test""]","[""docs"", ""feat"", ""build"", ""ci""]",1.3158841133117676,"['af880ac5b4fecbc6c4f3d1eee0d95f326e8bd9d1', 'ded26d768ff432ad3bde3c0aa1e95ce50726100a', '454003841aabeb74396d73541378bfa59c75b5db', '4cbbd2552ba0de273e1dfe7d453c5b3efed751a3']",0.5,0.75,0.6,False,0.5714285714285714,4096,True,4
"[""docs"", ""feat"", ""build"", ""ci"", ""test""]","[""docs"", ""refactor"", ""ci"", ""build""]",1.0224642753601074,"['036a0ff49a7dade0e04c9c07071a1ff49133ee24', '535708ae50aecb452560a23356fd396f99ef13a2', 'e7a67d88173566be3cd3aed7e9eeb7e29aabbc57', 'c55591ba157298a9c5816693c102a89dfd058830']",0.6,0.75,0.6666666666666665,False,0.4285714285714285,4096,True,4
"[""feat"", ""build"", ""refactor"", ""docs""]","[""refactor"", ""ci"", ""fix"", ""docs""]",0.8690140247344971,"['2954a0955ce9af6acb345ed1e8328e145ad30475', '6c9cb638cb4d1ecc42632fcf389c24898c5b3244', 'd1d55e787b7d07f763852602b9939a5394607fd9', '6d405dfc1675dcad64a2dfac0c0cb0fb28381d21']",0.5,0.5,0.5,False,0.5714285714285714,4096,True,4
"[""test"", ""ci"", ""docs"", ""feat""]","[""test"", ""ci"", ""docs"", ""feat""]",0.916168212890625,"['229b53a632ea97d47c4be11f096bdd828fb415d8', '4cbbd2552ba0de273e1dfe7d453c5b3efed751a3', 'bf83c9155e9bee6925aa7102fab53fb803d52533', 'ded26d768ff432ad3bde3c0aa1e95ce50726100a']",1.0,1.0,1.0,True,0.0,4096,True,4
"[""feat"", ""fix"", ""refactor"", ""test"", ""ci"", ""build""]","[""refactor"", ""fix"", ""test"", ""feat""]",1.18218731880188,"['47ef9104e4a89e80d7cc6c1950bc080841da4a7b', '9ef5c0d14193a9abb09b39856f58477d1f4b0d77', 'b7ce2894fd1794064bd6db4ed730bb6cb7728739', '1bcf88670b50155b50071e707f98f30cea0b7a24']",0.6666666666666666,1.0,0.8,False,0.2857142857142857,4096,True,4
"[""feat"", ""refactor"", ""ci"", ""build"", ""test"", ""docs""]","[""docs"", ""feat"", ""ci"", ""refactor""]",1.2739112377166748,"['e12d9e77a6fd531a22325337838a841b1c67f00d', 'fd8e563cc19ca4684885d4692acee6bebcca4ada', '173553c0372e66e03bdab19e0e6c2dd44daa14a0', '535708ae50aecb452560a23356fd396f99ef13a2']",0.6666666666666666,1.0,0.8,False,0.2857142857142857,4096,True,4
"[""refactor"", ""ci"", ""test""]","[""refactor"", ""feat"", ""docs"", ""ci""]",0.9655303955078124,"['1db13ec43727aca872a0f3836e4023ed85db665e', 'b282e90e2cbb74559aab79eee8443a4d7c85502a', 'e12d9e77a6fd531a22325337838a841b1c67f00d', '74e9de5ec97dc013a52aa063dff0f40ac74c407b']",0.6666666666666666,0.5,0.5714285714285715,False,0.4285714285714285,4096,True,4
"[""docs"", ""ci"", ""build"", ""test"", ""refactor""]","[""docs"", ""ci"", ""refactor"", ""test""]",1.1217529773712158,"['aca23027da1295c78fdf42ba9687d8ccc88784d7', '74e9de5ec97dc013a52aa063dff0f40ac74c407b', '2954a0955ce9af6acb345ed1e8328e145ad30475', 'f411e58cd510f8a2b980b2f1932003a0c0e9f8f3']",0.8,1.0,0.888888888888889,False,0.1428571428571428,4096,True,4
"[""test"", ""ci"", ""fix"", ""refactor""]","[""test"", ""docs"", ""ci"", ""fix""]",0.8501904010772705,"['b7ce2894fd1794064bd6db4ed730bb6cb7728739', 'af880ac5b4fecbc6c4f3d1eee0d95f326e8bd9d1', '6c9cb638cb4d1ecc42632fcf389c24898c5b3244', 'd129eaf9125a967ac86c6c7276bbae6b4d50af36']",0.75,0.75,0.75,False,0.2857142857142857,4096,True,4
"[""ci"", ""test"", ""docs"", ""refactor"", ""feat""]","[""ci"", ""refactor"", ""test"", ""docs""]",1.1664862632751465,"['e7a67d88173566be3cd3aed7e9eeb7e29aabbc57', '36556bf8e0bce4ab6d26eafacbdad04d9614a5d7', '8ee0611fbf0cd89abe7ae588f22e6ecb843598ea', 'c2ee5cd5e709afd15c5565ee009a0d204403a119']",0.8,1.0,0.888888888888889,False,0.1428571428571428,4096,True,4
"[""feat"", ""fix"", ""docs"", ""test"", ""ci"", ""build""]","[""docs"", ""feat"", ""test"", ""build""]",1.2431640625,"['0cfc5633d37ea06f645649138323f1820e18bdee', 'fd8e563cc19ca4684885d4692acee6bebcca4ada', 'e9617f0854030e70365eb264bcb3b58078e79e9e', '1269431c8a3e7549f10fcbbb4b88ff625c8898b3']",0.6666666666666666,1.0,0.8,False,0.2857142857142857,4096,True,4
"[""refactor"", ""test"", ""ci"", ""build"", ""feat"", ""fix"", ""docs""]","[""refactor"", ""feat"", ""test"", ""fix""]",1.323711633682251,"['47ef9104e4a89e80d7cc6c1950bc080841da4a7b', 'b282e90e2cbb74559aab79eee8443a4d7c85502a', 'e0198f74b81da3663144cfe1d971939319f82a0f', 'bed78248c941d57ad4cc20a455147e186e97c7a1']",0.5714285714285714,1.0,0.7272727272727273,False,0.4285714285714285,4096,True,4
"[""build"", ""ci"", ""docs"", ""feat"", ""refactor"", ""test""]","[""build"", ""ci"", ""fix"", ""refactor""]",1.3995497226715088,"['454003841aabeb74396d73541378bfa59c75b5db', '173553c0372e66e03bdab19e0e6c2dd44daa14a0', 'd129eaf9125a967ac86c6c7276bbae6b4d50af36', '63eab619e6166eb6cab948028a7b89bf059dd878']",0.5,0.75,0.6,False,0.5714285714285714,4096,True,4
"[""feat"", ""test"", ""docs"", ""ci"", ""build"", ""refactor"", ""fix""]","[""test"", ""refactor"", ""docs"", ""feat""]",1.4237604141235352,"['e9617f0854030e70365eb264bcb3b58078e79e9e', '2954a0955ce9af6acb345ed1e8328e145ad30475', 'c2ee5cd5e709afd15c5565ee009a0d204403a119', '6ed56ce9ae743ba9a87e6c9643cc06b1de7b748d']",0.5714285714285714,1.0,0.7272727272727273,False,0.4285714285714285,4096,True,4
"[""build"", ""ci"", ""refactor"", ""test""]","[""build"", ""refactor"", ""fix"", ""ci""]",0.964301824569702,"['454003841aabeb74396d73541378bfa59c75b5db', 'a62314d9bb632be6af026686615d14b912250512', '06e2be4e2019b6fa714e1fcb34485860ef1ede79', '4cbbd2552ba0de273e1dfe7d453c5b3efed751a3']",0.75,0.75,0.75,False,0.2857142857142857,4096,True,4
"[""feat"", ""fix"", ""refactor"", ""docs"", ""test"", ""ci"", ""build""]","[""feat"", ""test"", ""refactor"", ""ci""]",1.2757844924926758,"['b282e90e2cbb74559aab79eee8443a4d7c85502a', 'e2e8ad25854bd1e7cdbc7f50b50bbd99e04ad47d', '63eab619e6166eb6cab948028a7b89bf059dd878', '6c9cb638cb4d1ecc42632fcf389c24898c5b3244']",0.5714285714285714,1.0,0.7272727272727273,False,0.4285714285714285,4096,True,4
"[""fix"", ""refactor"", ""ci"", ""test"", ""docs"", ""build""]","[""docs"", ""fix"", ""test"", ""refactor""]",1.1701631546020508,"['0cfc5633d37ea06f645649138323f1820e18bdee', 'd1d55e787b7d07f763852602b9939a5394607fd9', 'e2e8ad25854bd1e7cdbc7f50b50bbd99e04ad47d', '062daa45cbd5dba6e96e95d8cdcaee89ae30a83c']",0.6666666666666666,1.0,0.8,False,0.2857142857142857,4096,True,4
"[""fix"", ""refactor"", ""ci"", ""build""]","[""refactor"", ""fix"", ""docs"", ""ci""]",0.8988561630249023,"['47ef9104e4a89e80d7cc6c1950bc080841da4a7b', 'd129eaf9125a967ac86c6c7276bbae6b4d50af36', '0cfc5633d37ea06f645649138323f1820e18bdee', '45837af24a33308a70a3454f0f650f9fe728e272']",0.75,0.75,0.75,False,0.2857142857142857,4096,True,4
"[""fix"", ""refactor"", ""build"", ""test"", ""ci"", ""docs""]","[""fix"", ""build"", ""ci"", ""test""]",1.344684600830078,"['bed78248c941d57ad4cc20a455147e186e97c7a1', '1269431c8a3e7549f10fcbbb4b88ff625c8898b3', '45837af24a33308a70a3454f0f650f9fe728e272', '8ee0611fbf0cd89abe7ae588f22e6ecb843598ea']",0.6666666666666666,1.0,0.8,False,0.2857142857142857,4096,True,4
"[""build"", ""ci"", ""docs"", ""refactor"", ""test""]","[""build"", ""fix"", ""ci"", ""docs""]",1.2380106449127195,"['454003841aabeb74396d73541378bfa59c75b5db', 'bed78248c941d57ad4cc20a455147e186e97c7a1', '45837af24a33308a70a3454f0f650f9fe728e272', 'c2ee5cd5e709afd15c5565ee009a0d204403a119']",0.6,0.75,0.6666666666666665,False,0.4285714285714285,4096,True,4
"[""ci"", ""refactor"", ""docs"", ""feat""]","[""ci"", ""refactor"", ""fix"", ""docs""]",0.972986936569214,"['dbb537a26e388a8d7d17faf131abc30c2f7a84e6', '3cca5c314ad6feeffbfe1f14cf49ebd0fd9a95a2', 'd1d55e787b7d07f763852602b9939a5394607fd9', '6d405dfc1675dcad64a2dfac0c0cb0fb28381d21']",0.75,0.75,0.75,False,0.2857142857142857,4096,True,4
"[""feat"", ""fix"", ""refactor"", ""docs"", ""test"", ""ci"", ""build""]","[""fix"", ""ci"", ""docs"", ""refactor""]",1.298966646194458,"['2561f4ade46fc9d59f289f328cc77733a6443697', '6c9cb638cb4d1ecc42632fcf389c24898c5b3244', 'bf83c9155e9bee6925aa7102fab53fb803d52533', '771857b1df9470ebc15357e8879118a72c649d5b']",0.5714285714285714,1.0,0.7272727272727273,False,0.4285714285714285,4096,True,4
"[""feat"", ""refactor"", ""test"", ""ci"", ""build"", ""docs""]","[""fix"", ""feat"", ""build"", ""docs""]",1.152682542800903,"['06e2be4e2019b6fa714e1fcb34485860ef1ede79', 'fd8e563cc19ca4684885d4692acee6bebcca4ada', '32b92cfa0b74a6c25990e32ac6aab12b8496794c', '6d405dfc1675dcad64a2dfac0c0cb0fb28381d21']",0.5,0.75,0.6,False,0.5714285714285714,4096,True,4
"[""feat"", ""build"", ""test"", ""ci"", ""refactor""]","[""build"", ""ci"", ""test"", ""feat""]",1.0526952743530271,"['c55591ba157298a9c5816693c102a89dfd058830', '45837af24a33308a70a3454f0f650f9fe728e272', 'b7ce2894fd1794064bd6db4ed730bb6cb7728739', 'dc5238b2bda98a7c4f2fe9584fc3b0191a408109']",0.8,1.0,0.888888888888889,False,0.1428571428571428,4096,True,4
"[""ci"", ""feat"", ""refactor"", ""test""]","[""ci"", ""docs"", ""feat"", ""test""]",1.0027217864990234,"['173553c0372e66e03bdab19e0e6c2dd44daa14a0', 'e12d9e77a6fd531a22325337838a841b1c67f00d', 'f823cf28652987d43c8324b4f5b203240032383a', '229b53a632ea97d47c4be11f096bdd828fb415d8']",0.75,0.75,0.75,False,0.2857142857142857,4096,True,4
"[""refactor"", ""docs"", ""ci"", ""test""]","[""refactor"", ""docs"", ""ci"", ""test""]",0.871227502822876,"['36556bf8e0bce4ab6d26eafacbdad04d9614a5d7', 'aca23027da1295c78fdf42ba9687d8ccc88784d7', 'dbb537a26e388a8d7d17faf131abc30c2f7a84e6', '229b53a632ea97d47c4be11f096bdd828fb415d8']",1.0,1.0,1.0,True,0.0,4096,True,4
"[""fix"", ""refactor"", ""test"", ""ci"", ""build""]","[""docs"", ""refactor"", ""test"", ""fix""]",1.0744667053222656,"['0cfc5633d37ea06f645649138323f1820e18bdee', '1db13ec43727aca872a0f3836e4023ed85db665e', '229b53a632ea97d47c4be11f096bdd828fb415d8', '9be725fa3906323d4bc9788f54eccf74109d632b']",0.6,0.75,0.6666666666666665,False,0.4285714285714285,4096,True,4
"[""feat"", ""fix"", ""refactor"", ""docs"", ""test"", ""ci"", ""build""]","[""ci"", ""docs"", ""refactor"", ""test""]",1.4035868644714355,"['c5fa7b80438fbd74f4c341f0d3c9bd9e0f4910da', 'bf83c9155e9bee6925aa7102fab53fb803d52533', '062daa45cbd5dba6e96e95d8cdcaee89ae30a83c', 'bedc7950b24c37809e36a585b7985d5aa5e3e458']",0.5714285714285714,1.0,0.7272727272727273,False,0.4285714285714285,4096,True,4
"[""fix"", ""refactor"", ""ci"", ""feat""]","[""fix"", ""docs"", ""ci"", ""feat""]",0.949359893798828,"['9be725fa3906323d4bc9788f54eccf74109d632b', '036a0ff49a7dade0e04c9c07071a1ff49133ee24', '45837af24a33308a70a3454f0f650f9fe728e272', 'f823cf28652987d43c8324b4f5b203240032383a']",0.75,0.75,0.75,False,0.2857142857142857,4096,True,4
"[""fix"", ""feat"", ""docs"", ""test"", ""build"", ""ci"", ""refactor""]","[""docs"", ""test"", ""build"", ""feat""]",1.3661482334136963,"['bf83c9155e9bee6925aa7102fab53fb803d52533', 'e0198f74b81da3663144cfe1d971939319f82a0f', 'f00a4d3e307b89842250358ee432e6800bb24362', 'ded26d768ff432ad3bde3c0aa1e95ce50726100a']",0.5714285714285714,1.0,0.7272727272727273,False,0.4285714285714285,4096,True,4
"[""docs"", ""refactor"", ""test"", ""build""]","[""docs"", ""refactor"", ""test"", ""fix""]",1.0733983516693115,"['aca23027da1295c78fdf42ba9687d8ccc88784d7', '1db13ec43727aca872a0f3836e4023ed85db665e', 'f411e58cd510f8a2b980b2f1932003a0c0e9f8f3', '2561f4ade46fc9d59f289f328cc77733a6443697']",0.75,0.75,0.75,False,0.2857142857142857,4096,True,4
"[""test"", ""feat"", ""docs"", ""build""]","[""test"", ""feat"", ""docs"", ""ci""]",0.9865446090698242,"['e0198f74b81da3663144cfe1d971939319f82a0f', 'f823cf28652987d43c8324b4f5b203240032383a', 'aca23027da1295c78fdf42ba9687d8ccc88784d7', 'e96487ad7ce90b141219d9032fa2bed68d5dae6a']",0.75,0.75,0.75,False,0.2857142857142857,4096,True,4
"[""feat"", ""build"", ""refactor""]","[""refactor"", ""build"", ""feat"", ""docs""]",0.913834810256958,"['63eab619e6166eb6cab948028a7b89bf059dd878', '32b92cfa0b74a6c25990e32ac6aab12b8496794c', 'fd8e563cc19ca4684885d4692acee6bebcca4ada', 'a52a585d74894b3b4eeb8c784fa089ff95cddad0']",1.0,0.75,0.8571428571428571,False,0.1428571428571428,4096,True,4
"[""build"", ""ci"", ""docs"", ""feat"", ""fix"", ""refactor"", ""test""]","[""build"", ""fix"", ""test"", ""feat""]",1.265265941619873,"['37b1cbfd3d2c462ef4f2a131e4172c38dc8d9ddf', 'c8e0ae8612df3d6f2831acc004aaac332f6105e4', 'c7b25726df94a2530c9b1c0d2b6a0acaa103822f', '1bcf88670b50155b50071e707f98f30cea0b7a24']",0.5714285714285714,1.0,0.7272727272727273,False,0.4285714285714285,4096,True,4
"[""feat"", ""docs"", ""test"", ""ci"", ""build"", ""refactor"", ""fix""]","[""refactor"", ""ci"", ""docs"", ""build""]",1.450918436050415,"['771857b1df9470ebc15357e8879118a72c649d5b', '6c9cb638cb4d1ecc42632fcf389c24898c5b3244', '6d405dfc1675dcad64a2dfac0c0cb0fb28381d21', '454003841aabeb74396d73541378bfa59c75b5db']",0.5714285714285714,1.0,0.7272727272727273,False,0.4285714285714285,4096,True,4
"[""fix"", ""docs"", ""feat"", ""ci"", ""test""]","[""fix"", ""docs"", ""refactor"", ""ci"", ""test""]",1.0256834030151367,"['9be725fa3906323d4bc9788f54eccf74109d632b', 'bf83c9155e9bee6925aa7102fab53fb803d52533', '535708ae50aecb452560a23356fd396f99ef13a2', '4cbbd2552ba0de273e1dfe7d453c5b3efed751a3', 'bedc7950b24c37809e36a585b7985d5aa5e3e458']",0.8,0.8,0.8000000000000002,False,0.2857142857142857,4096,True,5
"[""test"", ""docs"", ""refactor"", ""build"", ""ci"", ""feat"", ""fix""]","[""test"", ""docs"", ""refactor"", ""build"", ""feat""]",1.4581687450408936,"['229b53a632ea97d47c4be11f096bdd828fb415d8', 'bf83c9155e9bee6925aa7102fab53fb803d52533', '062daa45cbd5dba6e96e95d8cdcaee89ae30a83c', 'e4a11fd5c34942ba12737f1c8c084489428ee274', 'fd8e563cc19ca4684885d4692acee6bebcca4ada']",0.7142857142857143,1.0,0.8333333333333333,False,0.2857142857142857,4096,True,5
"[""test"", ""ci"", ""refactor"", ""docs"", ""build""]","[""test"", ""ci"", ""fix"", ""build"", ""refactor""]",1.254159688949585,"['317f4eefecddfb1392ca71d551840f446feee302', 'e7a67d88173566be3cd3aed7e9eeb7e29aabbc57', 'd1d55e787b7d07f763852602b9939a5394607fd9', 'f00a4d3e307b89842250358ee432e6800bb24362', '771857b1df9470ebc15357e8879118a72c649d5b']",0.8,0.8,0.8000000000000002,False,0.2857142857142857,4096,True,5
"[""ci"", ""test"", ""refactor"", ""fix"", ""feat""]","[""ci"", ""refactor"", ""build"", ""test"", ""fix""]",1.121549129486084,"['e7a67d88173566be3cd3aed7e9eeb7e29aabbc57', '47ef9104e4a89e80d7cc6c1950bc080841da4a7b', '5b81fde8a72cf2e69a10e9f5c4f0bea0a2b8c3e0', 'bedc7950b24c37809e36a585b7985d5aa5e3e458', '9ef5c0d14193a9abb09b39856f58477d1f4b0d77']",0.8,0.8,0.8000000000000002,False,0.2857142857142857,4096,True,5
"[""refactor"", ""docs""]","[""build"", ""fix"", ""feat"", ""refactor"", ""docs""]",0.8013448715209961,"['e4a11fd5c34942ba12737f1c8c084489428ee274', '9ef5c0d14193a9abb09b39856f58477d1f4b0d77', 'dc5238b2bda98a7c4f2fe9584fc3b0191a408109', '771857b1df9470ebc15357e8879118a72c649d5b', 'c2ee5cd5e709afd15c5565ee009a0d204403a119']",1.0,0.4,0.5714285714285715,False,0.4285714285714285,4096,True,5
"[""docs"", ""test"", ""build"", ""refactor"", ""feat""]","[""docs"", ""test"", ""build"", ""fix"", ""feat""]",1.082129716873169,"['bf83c9155e9bee6925aa7102fab53fb803d52533', '229b53a632ea97d47c4be11f096bdd828fb415d8', 'c55591ba157298a9c5816693c102a89dfd058830', '06e2be4e2019b6fa714e1fcb34485860ef1ede79', 'f823cf28652987d43c8324b4f5b203240032383a']",0.8,0.8,0.8000000000000002,False,0.2857142857142857,4096,True,5
"[""ci"", ""build"", ""test"", ""refactor""]","[""ci"", ""build"", ""fix"", ""test"", ""feat""]",1.0830488204956057,"['e7a67d88173566be3cd3aed7e9eeb7e29aabbc57', 'c55591ba157298a9c5816693c102a89dfd058830', 'd129eaf9125a967ac86c6c7276bbae6b4d50af36', '229b53a632ea97d47c4be11f096bdd828fb415d8', '1bcf88670b50155b50071e707f98f30cea0b7a24']",0.75,0.6,0.6666666666666665,False,0.4285714285714285,4096,True,5
"[""feat"", ""fix"", ""refactor"", ""test"", ""ci"", ""build""]","[""fix"", ""test"", ""build"", ""ci"", ""refactor""]",1.2251451015472412,"['2561f4ade46fc9d59f289f328cc77733a6443697', 'b7ce2894fd1794064bd6db4ed730bb6cb7728739', '1269431c8a3e7549f10fcbbb4b88ff625c8898b3', 'e96487ad7ce90b141219d9032fa2bed68d5dae6a', '36556bf8e0bce4ab6d26eafacbdad04d9614a5d7']",0.8333333333333334,1.0,0.9090909090909092,False,0.1428571428571428,4096,True,5
"[""fix"", ""refactor"", ""ci"", ""docs"", ""test"", ""build""]","[""docs"", ""ci"", ""refactor"", ""test"", ""fix""]",1.1782236099243164,"['bf83c9155e9bee6925aa7102fab53fb803d52533', 'e7a67d88173566be3cd3aed7e9eeb7e29aabbc57', '535708ae50aecb452560a23356fd396f99ef13a2', 'c7b25726df94a2530c9b1c0d2b6a0acaa103822f', '06e2be4e2019b6fa714e1fcb34485860ef1ede79']",0.8333333333333334,1.0,0.9090909090909092,False,0.1428571428571428,4096,True,5
"[""refactor"", ""docs"", ""build"", ""ci"", ""test""]","[""refactor"", ""docs"", ""build"", ""feat"", ""fix""]",1.075066089630127,"['36556bf8e0bce4ab6d26eafacbdad04d9614a5d7', 'c2ee5cd5e709afd15c5565ee009a0d204403a119', 'c55591ba157298a9c5816693c102a89dfd058830', '68278b00450f2679761a2999500f6d87a579376b', '9ef5c0d14193a9abb09b39856f58477d1f4b0d77']",0.6,0.6,0.6,False,0.5714285714285714,4096,True,5
"[""feat"", ""build"", ""refactor"", ""ci"", ""test""]","[""feat"", ""build"", ""fix"", ""ci"", ""test""]",1.29921555519104,"['ded26d768ff432ad3bde3c0aa1e95ce50726100a', 'c323d59c607cabc91f17a78528d998f376f30b10', '2561f4ade46fc9d59f289f328cc77733a6443697', '45837af24a33308a70a3454f0f650f9fe728e272', 'e0198f74b81da3663144cfe1d971939319f82a0f']",0.8,0.8,0.8000000000000002,False,0.2857142857142857,4096,True,5
"[""ci"", ""docs"", ""feat"", ""refactor"", ""test""]","[""ci"", ""refactor"", ""test"", ""feat"", ""fix""]",1.0791213512420654,"['e96487ad7ce90b141219d9032fa2bed68d5dae6a', 'a62314d9bb632be6af026686615d14b912250512', 'c7b25726df94a2530c9b1c0d2b6a0acaa103822f', '6ed56ce9ae743ba9a87e6c9643cc06b1de7b748d', '9ef5c0d14193a9abb09b39856f58477d1f4b0d77']",0.8,0.8,0.8000000000000002,False,0.2857142857142857,4096,True,5
"[""build"", ""feat"", ""refactor"", ""ci"", ""docs"", ""test""]","[""build"", ""refactor"", ""ci"", ""docs"", ""fix""]",1.2615444660186768,"['c55591ba157298a9c5816693c102a89dfd058830', '63eab619e6166eb6cab948028a7b89bf059dd878', 'c5fa7b80438fbd74f4c341f0d3c9bd9e0f4910da', '036a0ff49a7dade0e04c9c07071a1ff49133ee24', '9be725fa3906323d4bc9788f54eccf74109d632b']",0.6666666666666666,0.8,0.7272727272727272,False,0.4285714285714285,4096,True,5
"[""fix"", ""feat"", ""docs"", ""ci"", ""build"", ""refactor""]","[""docs"", ""ci"", ""refactor"", ""build"", ""feat""]",1.325660228729248,"['bf83c9155e9bee6925aa7102fab53fb803d52533', '173553c0372e66e03bdab19e0e6c2dd44daa14a0', '535708ae50aecb452560a23356fd396f99ef13a2', '1269431c8a3e7549f10fcbbb4b88ff625c8898b3', 'f823cf28652987d43c8324b4f5b203240032383a']",0.8333333333333334,1.0,0.9090909090909092,False,0.1428571428571428,4096,True,5
"[""test"", ""feat"", ""refactor"", ""ci"", ""build"", ""docs""]","[""test"", ""feat"", ""refactor"", ""fix"", ""docs""]",1.3421542644500732,"['bedc7950b24c37809e36a585b7985d5aa5e3e458', 'fd8e563cc19ca4684885d4692acee6bebcca4ada', '062daa45cbd5dba6e96e95d8cdcaee89ae30a83c', 'c8e0ae8612df3d6f2831acc004aaac332f6105e4', '036a0ff49a7dade0e04c9c07071a1ff49133ee24']",0.6666666666666666,0.8,0.7272727272727272,False,0.4285714285714285,4096,True,5
"[""docs"", ""ci"", ""test"", ""build"", ""feat""]","[""docs"", ""build"", ""ci"", ""fix"", ""test""]",1.2291629314422607,"['c2ee5cd5e709afd15c5565ee009a0d204403a119', '1269431c8a3e7549f10fcbbb4b88ff625c8898b3', 'e7a67d88173566be3cd3aed7e9eeb7e29aabbc57', 'bed78248c941d57ad4cc20a455147e186e97c7a1', 'e9617f0854030e70365eb264bcb3b58078e79e9e']",0.8,0.8,0.8000000000000002,False,0.2857142857142857,4096,True,5
"[""refactor"", ""ci"", ""docs"", ""test"", ""build""]","[""refactor"", ""ci"", ""docs"", ""test"", ""build""]",1.087843894958496,"['3cca5c314ad6feeffbfe1f14cf49ebd0fd9a95a2', 'dbb537a26e388a8d7d17faf131abc30c2f7a84e6', 'e12d9e77a6fd531a22325337838a841b1c67f00d', 'c7b25726df94a2530c9b1c0d2b6a0acaa103822f', '37b1cbfd3d2c462ef4f2a131e4172c38dc8d9ddf']",1.0,1.0,1.0,True,0.0,4096,True,5
"[""test"", ""refactor"", ""ci"", ""build""]","[""test"", ""feat"", ""ci"", ""refactor"", ""fix""]",1.036653995513916,"['229b53a632ea97d47c4be11f096bdd828fb415d8', 'b282e90e2cbb74559aab79eee8443a4d7c85502a', 'dbb537a26e388a8d7d17faf131abc30c2f7a84e6', '3cca5c314ad6feeffbfe1f14cf49ebd0fd9a95a2', '933ab6bb86372913c992567cf9660009900911a7']",0.75,0.6,0.6666666666666665,False,0.4285714285714285,4096,True,5
"[""build"", ""ci"", ""refactor"", ""test""]","[""build"", ""fix"", ""ci"", ""refactor"", ""docs""]",1.1228241920471191,"['37b1cbfd3d2c462ef4f2a131e4172c38dc8d9ddf', '06e2be4e2019b6fa714e1fcb34485860ef1ede79', 'c5fa7b80438fbd74f4c341f0d3c9bd9e0f4910da', '1db13ec43727aca872a0f3836e4023ed85db665e', 'a52a585d74894b3b4eeb8c784fa089ff95cddad0']",0.75,0.6,0.6666666666666665,False,0.4285714285714285,4096,True,5
"[""feat"", ""fix"", ""refactor"", ""test"", ""ci"", ""build"", ""docs""]","[""build"", ""docs"", ""ci"", ""test"", ""feat""]",1.4071369171142578,"['c44cf88a6ec54e5ddd99d8348bcc57b301ec7945', '6d405dfc1675dcad64a2dfac0c0cb0fb28381d21', 'e7a67d88173566be3cd3aed7e9eeb7e29aabbc57', 'f411e58cd510f8a2b980b2f1932003a0c0e9f8f3', 'f823cf28652987d43c8324b4f5b203240032383a']",0.7142857142857143,1.0,0.8333333333333333,False,0.2857142857142857,4096,True,5
"[""feat"", ""refactor"", ""test"", ""ci"", ""build""]","[""feat"", ""fix"", ""refactor"", ""build"", ""test""]",1.0647451877593994,"['f823cf28652987d43c8324b4f5b203240032383a', 'c8e0ae8612df3d6f2831acc004aaac332f6105e4', '47ef9104e4a89e80d7cc6c1950bc080841da4a7b', 'e4a11fd5c34942ba12737f1c8c084489428ee274', 'c7b25726df94a2530c9b1c0d2b6a0acaa103822f']",0.8,0.8,0.8000000000000002,False,0.2857142857142857,4096,True,5
"[""refactor"", ""build"", ""ci"", ""docs""]","[""refactor"", ""build"", ""ci"", ""docs"", ""test""]",0.975731372833252,"['1db13ec43727aca872a0f3836e4023ed85db665e', '32b92cfa0b74a6c25990e32ac6aab12b8496794c', 'e96487ad7ce90b141219d9032fa2bed68d5dae6a', '6d405dfc1675dcad64a2dfac0c0cb0fb28381d21', 'e2e8ad25854bd1e7cdbc7f50b50bbd99e04ad47d']",1.0,0.8,0.888888888888889,False,0.1428571428571428,4096,True,5
"[""build"", ""ci"", ""refactor"", ""test""]","[""build"", ""test"", ""refactor"", ""ci"", ""fix""]",1.109455108642578,"['37b1cbfd3d2c462ef4f2a131e4172c38dc8d9ddf', 'f411e58cd510f8a2b980b2f1932003a0c0e9f8f3', '1db13ec43727aca872a0f3836e4023ed85db665e', 'c5fa7b80438fbd74f4c341f0d3c9bd9e0f4910da', 'd129eaf9125a967ac86c6c7276bbae6b4d50af36']",1.0,0.8,0.888888888888889,False,0.1428571428571428,4096,True,5
"[""build"", ""ci"", ""docs"", ""fix"", ""refactor""]","[""build"", ""docs"", ""ci"", ""test"", ""fix""]",1.037470817565918,"['c55591ba157298a9c5816693c102a89dfd058830', 'a52a585d74894b3b4eeb8c784fa089ff95cddad0', '6c9cb638cb4d1ecc42632fcf389c24898c5b3244', 'c7b25726df94a2530c9b1c0d2b6a0acaa103822f', 'bed78248c941d57ad4cc20a455147e186e97c7a1']",0.8,0.8,0.8000000000000002,False,0.2857142857142857,4096,True,5
"[""feat"", ""refactor"", ""ci"", ""build"", ""test"", ""docs""]","[""fix"", ""ci"", ""feat"", ""build"", ""refactor""]",1.3424875736236572,"['9ef5c0d14193a9abb09b39856f58477d1f4b0d77', 'dbb537a26e388a8d7d17faf131abc30c2f7a84e6', '6ed56ce9ae743ba9a87e6c9643cc06b1de7b748d', 'e4a11fd5c34942ba12737f1c8c084489428ee274', '1db13ec43727aca872a0f3836e4023ed85db665e']",0.6666666666666666,0.8,0.7272727272727272,False,0.4285714285714285,4096,True,5
"[""fix"", ""refactor"", ""feat"", ""build"", ""ci""]","[""fix"", ""build"", ""refactor"", ""feat"", ""test""]",1.250347375869751,"['bed78248c941d57ad4cc20a455147e186e97c7a1', 'e4a11fd5c34942ba12737f1c8c084489428ee274', '062daa45cbd5dba6e96e95d8cdcaee89ae30a83c', 'f823cf28652987d43c8324b4f5b203240032383a', 'c7b25726df94a2530c9b1c0d2b6a0acaa103822f']",0.8,0.8,0.8000000000000002,False,0.2857142857142857,4096,True,5
"[""feat"", ""fix"", ""refactor"", ""docs"", ""test"", ""ci"", ""build""]","[""fix"", ""test"", ""feat"", ""docs"", ""build""]",1.3398003578186035,"['87d5d4e55ab7149b593d29410f1fe426ba2447d4', 'bedc7950b24c37809e36a585b7985d5aa5e3e458', 'ded26d768ff432ad3bde3c0aa1e95ce50726100a', 'a52a585d74894b3b4eeb8c784fa089ff95cddad0', 'c323d59c607cabc91f17a78528d998f376f30b10']",0.7142857142857143,1.0,0.8333333333333333,False,0.2857142857142857,4096,True,5
[],"[""test"", ""docs"", ""feat"", ""build"", ""fix""]",607.0167098045349,"['8ee0611fbf0cd89abe7ae588f22e6ecb843598ea', 'c2ee5cd5e709afd15c5565ee009a0d204403a119', 'fd8e563cc19ca4684885d4692acee6bebcca4ada', '1269431c8a3e7549f10fcbbb4b88ff625c8898b3', '06e2be4e2019b6fa714e1fcb34485860ef1ede79']",0.0,0.0,0.0,False,0.7142857142857143,4096,True,5
"[""feat"", ""ci"", ""test"", ""docs"", ""refactor""]","[""docs"", ""feat"", ""build"", ""refactor"", ""test""]",1.0761845111846924,"['a52a585d74894b3b4eeb8c784fa089ff95cddad0', 'f9a094918b62534614c47aa8a13f33aec751a1e0', '1269431c8a3e7549f10fcbbb4b88ff625c8898b3', '535708ae50aecb452560a23356fd396f99ef13a2', 'e0198f74b81da3663144cfe1d971939319f82a0f']",0.8,0.8,0.8000000000000002,False,0.2857142857142857,4096,True,5
"[""feat"", ""fix"", ""refactor"", ""test"", ""ci"", ""build""]","[""fix"", ""feat"", ""test"", ""refactor"", ""build""]",1.2146446704864502,"['d129eaf9125a967ac86c6c7276bbae6b4d50af36', '68278b00450f2679761a2999500f6d87a579376b', 'e2e8ad25854bd1e7cdbc7f50b50bbd99e04ad47d', '771857b1df9470ebc15357e8879118a72c649d5b', 'f00a4d3e307b89842250358ee432e6800bb24362']",0.8333333333333334,1.0,0.9090909090909092,False,0.1428571428571428,4096,True,5
"[""build"", ""ci"", ""docs"", ""feat"", ""fix"", ""refactor"", ""test""]","[""fix"", ""build"", ""refactor"", ""test"", ""docs""]",1.31524395942688,"['933ab6bb86372913c992567cf9660009900911a7', '37b1cbfd3d2c462ef4f2a131e4172c38dc8d9ddf', '1db13ec43727aca872a0f3836e4023ed85db665e', 'c7b25726df94a2530c9b1c0d2b6a0acaa103822f', 'e12d9e77a6fd531a22325337838a841b1c67f00d']",0.7142857142857143,1.0,0.8333333333333333,False,0.2857142857142857,4096,True,5
"[""feat"", ""build"", ""docs"", ""refactor"", ""test""]","[""fix"", ""ci"", ""docs"", ""build"", ""feat""]",1.075916051864624,"['06e2be4e2019b6fa714e1fcb34485860ef1ede79', '4cbbd2552ba0de273e1dfe7d453c5b3efed751a3', 'cb1f48b56ae0de93acb72e48726c7d610a1d538e', 'c323d59c607cabc91f17a78528d998f376f30b10', 'f9a094918b62534614c47aa8a13f33aec751a1e0']",0.6,0.6,0.6,False,0.5714285714285714,4096,True,5
"[""feat"", ""fix"", ""build"", ""docs"", ""test"", ""ci""]","[""feat"", ""build"", ""refactor"", ""docs"", ""fix""]",1.1856307983398438,"['fd8e563cc19ca4684885d4692acee6bebcca4ada', 'f00a4d3e307b89842250358ee432e6800bb24362', '535708ae50aecb452560a23356fd396f99ef13a2', 'e12d9e77a6fd531a22325337838a841b1c67f00d', '9be725fa3906323d4bc9788f54eccf74109d632b']",0.6666666666666666,0.8,0.7272727272727272,False,0.4285714285714285,4096,True,5
"[""feat"", ""fix"", ""refactor"", ""test"", ""docs"", ""ci"", ""build""]","[""test"", ""docs"", ""refactor"", ""ci"", ""feat""]",1.3677537441253662,"['229b53a632ea97d47c4be11f096bdd828fb415d8', 'bf83c9155e9bee6925aa7102fab53fb803d52533', '062daa45cbd5dba6e96e95d8cdcaee89ae30a83c', '32845e1bbd1efb5dbc16f671049509a409ba25ce', 'dc5238b2bda98a7c4f2fe9584fc3b0191a408109']",0.7142857142857143,1.0,0.8333333333333333,False,0.2857142857142857,4096,True,5
"[""build"", ""ci"", ""docs"", ""feat"", ""fix"", ""refactor"", ""test""]","[""build"", ""docs"", ""fix"", ""test"", ""refactor""]",1.4286375045776367,"['454003841aabeb74396d73541378bfa59c75b5db', 'e12d9e77a6fd531a22325337838a841b1c67f00d', 'bed78248c941d57ad4cc20a455147e186e97c7a1', 'f411e58cd510f8a2b980b2f1932003a0c0e9f8f3', '062daa45cbd5dba6e96e95d8cdcaee89ae30a83c']",0.7142857142857143,1.0,0.8333333333333333,False,0.2857142857142857,4096,True,5
"[""build"", ""ci"", ""fix"", ""refactor"", ""test""]","[""build"", ""ci"", ""docs"", ""test"", ""refactor""]",1.1893596649169922,"['5b81fde8a72cf2e69a10e9f5c4f0bea0a2b8c3e0', '74e9de5ec97dc013a52aa063dff0f40ac74c407b', 'a52a585d74894b3b4eeb8c784fa089ff95cddad0', 'e0198f74b81da3663144cfe1d971939319f82a0f', '062daa45cbd5dba6e96e95d8cdcaee89ae30a83c']",0.8,0.8,0.8000000000000002,False,0.2857142857142857,4096,True,5
"[""feat"", ""docs"", ""build"", ""refactor"", ""fix""]","[""build"", ""ci"", ""docs"", ""refactor"", ""fix""]",1.033360481262207,"['32b92cfa0b74a6c25990e32ac6aab12b8496794c', '6c9cb638cb4d1ecc42632fcf389c24898c5b3244', 'aca23027da1295c78fdf42ba9687d8ccc88784d7', '47ef9104e4a89e80d7cc6c1950bc080841da4a7b', '2561f4ade46fc9d59f289f328cc77733a6443697']",0.8,0.8,0.8000000000000002,False,0.2857142857142857,4096,True,5
"[""feat"", ""fix"", ""refactor"", ""docs"", ""test"", ""ci"", ""build""]","[""test"", ""docs"", ""fix"", ""feat"", ""build""]",1.4152159690856934,"['e0198f74b81da3663144cfe1d971939319f82a0f', 'c2ee5cd5e709afd15c5565ee009a0d204403a119', '9ef5c0d14193a9abb09b39856f58477d1f4b0d77', 'f823cf28652987d43c8324b4f5b203240032383a', 'c44cf88a6ec54e5ddd99d8348bcc57b301ec7945']",0.7142857142857143,1.0,0.8333333333333333,False,0.2857142857142857,4096,True,5
"[""refactor"", ""ci"", ""test"", ""build"", ""feat""]","[""refactor"", ""ci"", ""test"", ""build"", ""feat""]",1.489525318145752,"['3cca5c314ad6feeffbfe1f14cf49ebd0fd9a95a2', '32845e1bbd1efb5dbc16f671049509a409ba25ce', 'e9617f0854030e70365eb264bcb3b58078e79e9e', '454003841aabeb74396d73541378bfa59c75b5db', 'fd8e563cc19ca4684885d4692acee6bebcca4ada']",1.0,1.0,1.0,True,0.0,4096,True,5
"[""refactor"", ""test"", ""ci"", ""build"", ""feat""]","[""refactor"", ""feat"", ""build"", ""fix"", ""test""]",1.251560926437378,"['062daa45cbd5dba6e96e95d8cdcaee89ae30a83c', 'f823cf28652987d43c8324b4f5b203240032383a', 'c44cf88a6ec54e5ddd99d8348bcc57b301ec7945', '933ab6bb86372913c992567cf9660009900911a7', '8ee0611fbf0cd89abe7ae588f22e6ecb843598ea']",0.8,0.8,0.8000000000000002,False,0.2857142857142857,4096,True,5
"[""refactor"", ""test"", ""ci"", ""docs""]","[""refactor"", ""test"", ""docs"", ""feat"", ""ci""]",1.0688552856445312,"['36556bf8e0bce4ab6d26eafacbdad04d9614a5d7', '317f4eefecddfb1392ca71d551840f446feee302', '036a0ff49a7dade0e04c9c07071a1ff49133ee24', 'e137f9fdbdb6bf3f85c3f7ac9323785e445844c8', 'e7a67d88173566be3cd3aed7e9eeb7e29aabbc57']",1.0,0.8,0.888888888888889,False,0.1428571428571428,4096,True,5
"[""feat"", ""ci"", ""test"", ""refactor"", ""build""]","[""test"", ""ci"", ""refactor"", ""feat"", ""fix""]",1.402301788330078,"['e0198f74b81da3663144cfe1d971939319f82a0f', '173553c0372e66e03bdab19e0e6c2dd44daa14a0', '062daa45cbd5dba6e96e95d8cdcaee89ae30a83c', 'f823cf28652987d43c8324b4f5b203240032383a', 'bed78248c941d57ad4cc20a455147e186e97c7a1']",0.8,0.8,0.8000000000000002,False,0.2857142857142857,4096,True,5
"[""ci"", ""feat"", ""fix"", ""refactor"", ""test""]","[""ci"", ""refactor"", ""docs"", ""fix"", ""feat""]",1.2370071411132812,"['32845e1bbd1efb5dbc16f671049509a409ba25ce', '63eab619e6166eb6cab948028a7b89bf059dd878', 'af880ac5b4fecbc6c4f3d1eee0d95f326e8bd9d1', '9be725fa3906323d4bc9788f54eccf74109d632b', 'fd8e563cc19ca4684885d4692acee6bebcca4ada']",0.8,0.8,0.8000000000000002,False,0.2857142857142857,4096,True,5
"[""feat"", ""fix"", ""refactor"", ""docs"", ""test"", ""ci"", ""build""]","[""docs"", ""refactor"", ""fix"", ""test"", ""build""]",1.5470595359802246,"['bf83c9155e9bee6925aa7102fab53fb803d52533', '3cca5c314ad6feeffbfe1f14cf49ebd0fd9a95a2', '2561f4ade46fc9d59f289f328cc77733a6443697', '317f4eefecddfb1392ca71d551840f446feee302', '454003841aabeb74396d73541378bfa59c75b5db']",0.7142857142857143,1.0,0.8333333333333333,False,0.2857142857142857,4096,True,5
"[""test"", ""ci"", ""refactor"", ""feat"", ""build""]","[""test"", ""ci"", ""fix"", ""docs"", ""refactor""]",1.3055176734924316,"['317f4eefecddfb1392ca71d551840f446feee302', '32845e1bbd1efb5dbc16f671049509a409ba25ce', 'c8e0ae8612df3d6f2831acc004aaac332f6105e4', '6d405dfc1675dcad64a2dfac0c0cb0fb28381d21', '062daa45cbd5dba6e96e95d8cdcaee89ae30a83c']",0.6,0.6,0.6,False,0.5714285714285714,4096,True,5
"[""feat"", ""fix"", ""refactor"", ""ci"", ""build"", ""docs"", ""test""]","[""build"", ""ci"", ""test"", ""docs"", ""feat""]",1.2613787651062012,"['c55591ba157298a9c5816693c102a89dfd058830', 'dbb537a26e388a8d7d17faf131abc30c2f7a84e6', 'e0198f74b81da3663144cfe1d971939319f82a0f', '0cfc5633d37ea06f645649138323f1820e18bdee', 'dc5238b2bda98a7c4f2fe9584fc3b0191a408109']",0.7142857142857143,1.0,0.8333333333333333,False,0.2857142857142857,4096,True,5
"[""feat"", ""refactor"", ""test"", ""ci""]","[""refactor"", ""feat"", ""test"", ""fix"", ""ci""]",1.046245574951172,"['535708ae50aecb452560a23356fd396f99ef13a2', 'dc5238b2bda98a7c4f2fe9584fc3b0191a408109', 'e2e8ad25854bd1e7cdbc7f50b50bbd99e04ad47d', '2561f4ade46fc9d59f289f328cc77733a6443697', 'c5fa7b80438fbd74f4c341f0d3c9bd9e0f4910da']",1.0,0.8,0.888888888888889,False,0.1428571428571428,4096,True,5
"[""ci"", ""fix"", ""refactor"", ""test""]","[""ci"", ""docs"", ""refactor"", ""build"", ""test""]",0.9126060009002686,"['c5fa7b80438fbd74f4c341f0d3c9bd9e0f4910da', 'af880ac5b4fecbc6c4f3d1eee0d95f326e8bd9d1', '47ef9104e4a89e80d7cc6c1950bc080841da4a7b', '37b1cbfd3d2c462ef4f2a131e4172c38dc8d9ddf', 'c7b25726df94a2530c9b1c0d2b6a0acaa103822f']",0.75,0.6,0.6666666666666665,False,0.4285714285714285,4096,True,5
"[""build"", ""docs"", ""refactor"", ""test""]","[""build"", ""docs"", ""refactor"", ""test"", ""feat""]",1.2606382369995115,"['454003841aabeb74396d73541378bfa59c75b5db', 'aca23027da1295c78fdf42ba9687d8ccc88784d7', '771857b1df9470ebc15357e8879118a72c649d5b', 'bedc7950b24c37809e36a585b7985d5aa5e3e458', 'e137f9fdbdb6bf3f85c3f7ac9323785e445844c8']",1.0,0.8,0.888888888888889,False,0.1428571428571428,4096,True,5
"[""ci"", ""feat"", ""fix"", ""docs"", ""test""]","[""ci"", ""feat"", ""fix"", ""docs"", ""test""]",1.16705060005188,"['74e9de5ec97dc013a52aa063dff0f40ac74c407b', 'ded26d768ff432ad3bde3c0aa1e95ce50726100a', '9be725fa3906323d4bc9788f54eccf74109d632b', 'a52a585d74894b3b4eeb8c784fa089ff95cddad0', 'e9617f0854030e70365eb264bcb3b58078e79e9e']",1.0,1.0,1.0,True,0.0,4096,True,5
"[""feat"", ""build"", ""test"", ""refactor"", ""docs""]","[""feat"", ""build"", ""test"", ""docs"", ""fix""]",1.131424903869629,"['f9a094918b62534614c47aa8a13f33aec751a1e0', 'e4a11fd5c34942ba12737f1c8c084489428ee274', '229b53a632ea97d47c4be11f096bdd828fb415d8', '036a0ff49a7dade0e04c9c07071a1ff49133ee24', '2561f4ade46fc9d59f289f328cc77733a6443697']",0.8,0.8,0.8000000000000002,False,0.2857142857142857,4096,True,5
"[""refactor"", ""docs"", ""build"", ""test"", ""ci""]","[""build"", ""docs"", ""test"", ""fix"", ""ci""]",1.1693158149719238,"['e4a11fd5c34942ba12737f1c8c084489428ee274', 'aca23027da1295c78fdf42ba9687d8ccc88784d7', 'e9617f0854030e70365eb264bcb3b58078e79e9e', '9ef5c0d14193a9abb09b39856f58477d1f4b0d77', '4cbbd2552ba0de273e1dfe7d453c5b3efed751a3']",0.8,0.8,0.8000000000000002,False,0.2857142857142857,4096,True,5
"[""feat"", ""fix"", ""refactor"", ""ci"", ""build"", ""test"", ""docs""]","[""feat"", ""fix"", ""ci"", ""docs"", ""test""]",1.3733282089233398,"['f9a094918b62534614c47aa8a13f33aec751a1e0', '2561f4ade46fc9d59f289f328cc77733a6443697', '45837af24a33308a70a3454f0f650f9fe728e272', '036a0ff49a7dade0e04c9c07071a1ff49133ee24', 'b7ce2894fd1794064bd6db4ed730bb6cb7728739']",0.7142857142857143,1.0,0.8333333333333333,False,0.2857142857142857,4096,True,5
"[""feat"", ""refactor"", ""build"", ""ci"", ""test"", ""docs""]","[""feat"", ""refactor"", ""build"", ""fix"", ""docs""]",1.3115112781524658,"['ded26d768ff432ad3bde3c0aa1e95ce50726100a', '062daa45cbd5dba6e96e95d8cdcaee89ae30a83c', '37b1cbfd3d2c462ef4f2a131e4172c38dc8d9ddf', '933ab6bb86372913c992567cf9660009900911a7', '036a0ff49a7dade0e04c9c07071a1ff49133ee24']",0.6666666666666666,0.8,0.7272727272727272,False,0.4285714285714285,4096,True,5
"[""test"", ""refactor"", ""build"", ""feat"", ""docs""]","[""test"", ""build"", ""feat"", ""fix"", ""docs""]",1.0858535766601562,"['f411e58cd510f8a2b980b2f1932003a0c0e9f8f3', 'c44cf88a6ec54e5ddd99d8348bcc57b301ec7945', '1bcf88670b50155b50071e707f98f30cea0b7a24', '9be725fa3906323d4bc9788f54eccf74109d632b', 'a52a585d74894b3b4eeb8c784fa089ff95cddad0']",0.8,0.8,0.8000000000000002,False,0.2857142857142857,4096,True,5
"[""feat"", ""fix"", ""refactor"", ""docs"", ""test"", ""ci"", ""build""]","[""fix"", ""feat"", ""test"", ""ci"", ""docs""]",1.2509922981262207,"['933ab6bb86372913c992567cf9660009900911a7', '6ed56ce9ae743ba9a87e6c9643cc06b1de7b748d', 'e2e8ad25854bd1e7cdbc7f50b50bbd99e04ad47d', 'e96487ad7ce90b141219d9032fa2bed68d5dae6a', '036a0ff49a7dade0e04c9c07071a1ff49133ee24']",0.7142857142857143,1.0,0.8333333333333333,False,0.2857142857142857,4096,True,5
"[""test"", ""refactor"", ""ci"", ""build"", ""feat""]","[""test"", ""refactor"", ""ci"", ""build"", ""fix""]",1.2503607273101809,"['e0198f74b81da3663144cfe1d971939319f82a0f', '3cca5c314ad6feeffbfe1f14cf49ebd0fd9a95a2', '45837af24a33308a70a3454f0f650f9fe728e272', '5b81fde8a72cf2e69a10e9f5c4f0bea0a2b8c3e0', '9ef5c0d14193a9abb09b39856f58477d1f4b0d77']",0.8,0.8,0.8000000000000002,False,0.2857142857142857,4096,True,5
"[""build"", ""refactor"", ""test"", ""ci""]","[""build"", ""feat"", ""refactor"", ""ci"", ""test""]",1.0977575778961182,"['c55591ba157298a9c5816693c102a89dfd058830', '1bcf88670b50155b50071e707f98f30cea0b7a24', '1db13ec43727aca872a0f3836e4023ed85db665e', 'dbb537a26e388a8d7d17faf131abc30c2f7a84e6', 'e2e8ad25854bd1e7cdbc7f50b50bbd99e04ad47d']",1.0,0.8,0.888888888888889,False,0.1428571428571428,4096,True,5
"[""feat"", ""fix"", ""refactor"", ""test"", ""ci"", ""build""]","[""feat"", ""refactor"", ""test"", ""ci"", ""build""]",1.3684957027435305,"['e137f9fdbdb6bf3f85c3f7ac9323785e445844c8', 'a62314d9bb632be6af026686615d14b912250512', 'b7ce2894fd1794064bd6db4ed730bb6cb7728739', '45837af24a33308a70a3454f0f650f9fe728e272', '454003841aabeb74396d73541378bfa59c75b5db']",0.8333333333333334,1.0,0.9090909090909092,False,0.1428571428571428,4096,True,5
"[""test"", ""refactor"", ""docs"", ""build""]","[""test"", ""fix"", ""build"", ""refactor"", ""docs""]",1.0142176151275637,"['317f4eefecddfb1392ca71d551840f446feee302', '06e2be4e2019b6fa714e1fcb34485860ef1ede79', '32b92cfa0b74a6c25990e32ac6aab12b8496794c', '535708ae50aecb452560a23356fd396f99ef13a2', 'aca23027da1295c78fdf42ba9687d8ccc88784d7']",1.0,0.8,0.888888888888889,False,0.1428571428571428,4096,True,5
"[""ci"", ""test"", ""refactor"", ""build"", ""feat""]","[""ci"", ""feat"", ""build"", ""fix"", ""test""]",1.251615285873413,"['173553c0372e66e03bdab19e0e6c2dd44daa14a0', '6ed56ce9ae743ba9a87e6c9643cc06b1de7b748d', '32b92cfa0b74a6c25990e32ac6aab12b8496794c', '933ab6bb86372913c992567cf9660009900911a7', 'e9617f0854030e70365eb264bcb3b58078e79e9e']",0.8,0.8,0.8000000000000002,False,0.2857142857142857,4096,True,5
"[""ci"", ""test"", ""refactor"", ""build""]","[""ci"", ""test"", ""fix"", ""feat"", ""build""]",0.9315395355224608,"['dbb537a26e388a8d7d17faf131abc30c2f7a84e6', 'e2e8ad25854bd1e7cdbc7f50b50bbd99e04ad47d', '933ab6bb86372913c992567cf9660009900911a7', 'b282e90e2cbb74559aab79eee8443a4d7c85502a', 'c55591ba157298a9c5816693c102a89dfd058830']",0.75,0.6,0.6666666666666665,False,0.4285714285714285,4096,True,5
"[""test"", ""ci"", ""refactor"", ""build""]","[""test"", ""build"", ""feat"", ""fix"", ""ci""]",1.2407612800598145,"['317f4eefecddfb1392ca71d551840f446feee302', 'e4a11fd5c34942ba12737f1c8c084489428ee274', 'ded26d768ff432ad3bde3c0aa1e95ce50726100a', 'd129eaf9125a967ac86c6c7276bbae6b4d50af36', '173553c0372e66e03bdab19e0e6c2dd44daa14a0']",0.75,0.6,0.6666666666666665,False,0.4285714285714285,4096,True,5
"[""test"", ""build"", ""docs"", ""feat""]","[""test"", ""build"", ""refactor"", ""docs"", ""feat""]",0.9853622913360596,"['bedc7950b24c37809e36a585b7985d5aa5e3e458', '5b81fde8a72cf2e69a10e9f5c4f0bea0a2b8c3e0', '47ef9104e4a89e80d7cc6c1950bc080841da4a7b', 'aca23027da1295c78fdf42ba9687d8ccc88784d7', 'f823cf28652987d43c8324b4f5b203240032383a']",1.0,0.8,0.888888888888889,False,0.1428571428571428,4096,True,5
"[""build"", ""ci"", ""refactor"", ""test"", ""docs""]","[""build"", ""ci"", ""feat"", ""docs"", ""fix""]",1.0625417232513428,"['5b81fde8a72cf2e69a10e9f5c4f0bea0a2b8c3e0', 'c5fa7b80438fbd74f4c341f0d3c9bd9e0f4910da', '68278b00450f2679761a2999500f6d87a579376b', 'a52a585d74894b3b4eeb8c784fa089ff95cddad0', '06e2be4e2019b6fa714e1fcb34485860ef1ede79']",0.6,0.6,0.6,False,0.5714285714285714,4096,True,5
"[""feat"", ""fix"", ""refactor"", ""test"", ""ci"", ""build""]","[""test"", ""build"", ""refactor"", ""fix"", ""ci""]",1.2765436172485352,"['e0198f74b81da3663144cfe1d971939319f82a0f', '5b81fde8a72cf2e69a10e9f5c4f0bea0a2b8c3e0', '3cca5c314ad6feeffbfe1f14cf49ebd0fd9a95a2', '87d5d4e55ab7149b593d29410f1fe426ba2447d4', '74e9de5ec97dc013a52aa063dff0f40ac74c407b']",0.8333333333333334,1.0,0.9090909090909092,False,0.1428571428571428,4096,True,5
"[""feat"", ""fix"", ""refactor"", ""build"", ""ci"", ""test"", ""docs""]","[""feat"", ""build"", ""fix"", ""ci"", ""test""]",1.454275369644165,"['6ed56ce9ae743ba9a87e6c9643cc06b1de7b748d', 'c323d59c607cabc91f17a78528d998f376f30b10', '87d5d4e55ab7149b593d29410f1fe426ba2447d4', 'c5fa7b80438fbd74f4c341f0d3c9bd9e0f4910da', 'e9617f0854030e70365eb264bcb3b58078e79e9e']",0.7142857142857143,1.0,0.8333333333333333,False,0.2857142857142857,4096,True,5
"[""build"", ""ci"", ""docs"", ""feat"", ""refactor"", ""test""]","[""build"", ""test"", ""refactor"", ""feat"", ""ci""]",1.1831343173980713,"['5b81fde8a72cf2e69a10e9f5c4f0bea0a2b8c3e0', 'e9617f0854030e70365eb264bcb3b58078e79e9e', '2954a0955ce9af6acb345ed1e8328e145ad30475', '68278b00450f2679761a2999500f6d87a579376b', 'e96487ad7ce90b141219d9032fa2bed68d5dae6a']",0.8333333333333334,1.0,0.9090909090909092,False,0.1428571428571428,4096,True,5
"[""ci"", ""feat"", ""refactor"", ""docs"", ""test"", ""build""]","[""ci"", ""refactor"", ""docs"", ""feat"", ""fix""]",1.2549073696136477,"['4cbbd2552ba0de273e1dfe7d453c5b3efed751a3', '535708ae50aecb452560a23356fd396f99ef13a2', 'e12d9e77a6fd531a22325337838a841b1c67f00d', 'fd8e563cc19ca4684885d4692acee6bebcca4ada', '9be725fa3906323d4bc9788f54eccf74109d632b']",0.6666666666666666,0.8,0.7272727272727272,False,0.4285714285714285,4096,True,5
"[""ci"", ""refactor"", ""fix"", ""docs"", ""test""]","[""ci"", ""fix"", ""feat"", ""docs"", ""refactor""]",1.289433479309082,"['c5fa7b80438fbd74f4c341f0d3c9bd9e0f4910da', 'bed78248c941d57ad4cc20a455147e186e97c7a1', 'b282e90e2cbb74559aab79eee8443a4d7c85502a', 'bf83c9155e9bee6925aa7102fab53fb803d52533', '771857b1df9470ebc15357e8879118a72c649d5b']",0.8,0.8,0.8000000000000002,False,0.2857142857142857,4096,True,5
"[""feat"", ""refactor""]","[""fix""]",0.4967122077941894,['87d5d4e55ab7149b593d29410f1fe426ba2447d4'],0.0,0.0,0.0,False,0.4285714285714285,4096,True,1
"[""test""]","[""test""]",0.4473824501037597,['317f4eefecddfb1392ca71d551840f446feee302'],1.0,1.0,1.0,True,0.0,4096,True,1
"[""ci""]","[""ci""]",0.4043114185333252,['c5fa7b80438fbd74f4c341f0d3c9bd9e0f4910da'],1.0,1.0,1.0,True,0.0,4096,True,1
"[""ci""]","[""ci""]",0.3901426792144775,['e7a67d88173566be3cd3aed7e9eeb7e29aabbc57'],1.0,1.0,1.0,True,0.0,4096,True,1
"[""fix""]","[""fix""]",0.3793613910675049,['d129eaf9125a967ac86c6c7276bbae6b4d50af36'],1.0,1.0,1.0,True,0.0,4096,True,1
"[""build""]","[""build""]",0.3999247550964355,['1269431c8a3e7549f10fcbbb4b88ff625c8898b3'],1.0,1.0,1.0,True,0.0,4096,True,1
"[""feat"", ""refactor""]","[""refactor""]",0.5230672359466553,['535708ae50aecb452560a23356fd396f99ef13a2'],0.5,1.0,0.6666666666666666,False,0.1428571428571428,4096,True,1
"[""feat"", ""refactor""]","[""feat""]",0.517845630645752,['68278b00450f2679761a2999500f6d87a579376b'],0.5,1.0,0.6666666666666666,False,0.1428571428571428,4096,True,1
"[""ci""]","[""ci""]",0.3666846752166748,['6c9cb638cb4d1ecc42632fcf389c24898c5b3244'],1.0,1.0,1.0,True,0.0,4096,True,1
"[""test""]","[""test""]",0.3116316795349121,['c7b25726df94a2530c9b1c0d2b6a0acaa103822f'],1.0,1.0,1.0,True,0.0,4096,True,1
"[""refactor"", ""feat""]","[""feat""]",0.5710446834564209,['1bcf88670b50155b50071e707f98f30cea0b7a24'],0.5,1.0,0.6666666666666666,False,0.1428571428571428,4096,True,1
"[""build"", ""test""]","[""build""]",0.6157956123352051,['454003841aabeb74396d73541378bfa59c75b5db'],0.5,1.0,0.6666666666666666,False,0.1428571428571428,4096,True,1
"[""ci""]","[""ci""]",0.365917444229126,['dbb537a26e388a8d7d17faf131abc30c2f7a84e6'],1.0,1.0,1.0,True,0.0,4096,True,1
"[""fix"", ""docs""]","[""docs""]",0.467142105102539,['bf83c9155e9bee6925aa7102fab53fb803d52533'],0.5,1.0,0.6666666666666666,False,0.1428571428571428,4096,True,1
"[""feat""]","[""feat""]",0.3655450344085693,['dc5238b2bda98a7c4f2fe9584fc3b0191a408109'],1.0,1.0,1.0,True,0.0,4096,True,1
"[""ci""]","[""ci""]",0.3657605648040771,['74e9de5ec97dc013a52aa063dff0f40ac74c407b'],1.0,1.0,1.0,True,0.0,4096,True,1
"[""test""]","[""test""]",0.3686869144439697,['b7ce2894fd1794064bd6db4ed730bb6cb7728739'],1.0,1.0,1.0,True,0.0,4096,True,1
"[""build""]","[""build""]",0.3650896549224853,['32b92cfa0b74a6c25990e32ac6aab12b8496794c'],1.0,1.0,1.0,True,0.0,4096,True,1
"[""fix"", ""refactor""]","[""fix""]",0.5540461540222168,['bed78248c941d57ad4cc20a455147e186e97c7a1'],0.5,1.0,0.6666666666666666,False,0.1428571428571428,4096,True,1
"[""test""]","[""test""]",0.3351073265075683,['f411e58cd510f8a2b980b2f1932003a0c0e9f8f3'],1.0,1.0,1.0,True,0.0,4096,True,1
"[""feat""]","[""feat""]",0.3878741264343261,['f9a094918b62534614c47aa8a13f33aec751a1e0'],1.0,1.0,1.0,True,0.0,4096,True,1
"[""docs""]","[""docs""]",0.3972656726837158,['aca23027da1295c78fdf42ba9687d8ccc88784d7'],1.0,1.0,1.0,True,0.0,4096,True,1
"[""build""]","[""build""]",0.4241189956665039,['37b1cbfd3d2c462ef4f2a131e4172c38dc8d9ddf'],1.0,1.0,1.0,True,0.0,4096,True,1
"[""feat"", ""refactor"", ""docs"", ""test"", ""ci"", ""build""]","[""feat""]",1.232264518737793,['e137f9fdbdb6bf3f85c3f7ac9323785e445844c8'],0.1666666666666666,1.0,0.2857142857142857,False,0.7142857142857143,4096,True,1
"[""test""]","[""test""]",0.390188455581665,['e0198f74b81da3663144cfe1d971939319f82a0f'],1.0,1.0,1.0,True,0.0,4096,True,1
"[""ci""]","[""ci""]",0.4157061576843261,['45837af24a33308a70a3454f0f650f9fe728e272'],1.0,1.0,1.0,True,0.0,4096,True,1
"[""docs""]","[""docs""]",0.3785152435302734,['0cfc5633d37ea06f645649138323f1820e18bdee'],1.0,1.0,1.0,True,0.0,4096,True,1
"[""test""]","[""test""]",0.5680718421936035,['8ee0611fbf0cd89abe7ae588f22e6ecb843598ea'],1.0,1.0,1.0,True,0.0,4096,True,1
"[""docs"", ""feat""]","[""docs""]",0.4360389709472656,['c2ee5cd5e709afd15c5565ee009a0d204403a119'],0.5,1.0,0.6666666666666666,False,0.1428571428571428,4096,True,1
"[""fix""]","[""fix""]",0.2803795337677002,['d1d55e787b7d07f763852602b9939a5394607fd9'],1.0,1.0,1.0,True,0.0,4096,True,1
"[""build""]","[""build""]",0.3904612064361572,['c55591ba157298a9c5816693c102a89dfd058830'],1.0,1.0,1.0,True,0.0,4096,True,1
"[""fix""]","[""fix""]",0.3094391822814941,['9be725fa3906323d4bc9788f54eccf74109d632b'],1.0,1.0,1.0,True,0.0,4096,True,1
"[""build""]","[""build""]",0.3880167007446289,['f00a4d3e307b89842250358ee432e6800bb24362'],1.0,1.0,1.0,True,0.0,4096,True,1
"[""docs""]","[""docs""]",0.368131160736084,['036a0ff49a7dade0e04c9c07071a1ff49133ee24'],1.0,1.0,1.0,True,0.0,4096,True,1
"[""feat"", ""docs""]","[""docs""]",0.4937264919281006,['6d405dfc1675dcad64a2dfac0c0cb0fb28381d21'],0.5,1.0,0.6666666666666666,False,0.1428571428571428,4096,True,1
"[""refactor""]","[""refactor""]",1.0741608142852783,['3cca5c314ad6feeffbfe1f14cf49ebd0fd9a95a2'],1.0,1.0,1.0,True,0.0,4096,True,1
"[""fix"", ""test""]","[""docs""]",0.4638729095458984,['af880ac5b4fecbc6c4f3d1eee0d95f326e8bd9d1'],0.0,0.0,0.0,False,0.4285714285714285,4096,True,1
"[""fix""]","[""fix""]",0.3691048622131347,['c8e0ae8612df3d6f2831acc004aaac332f6105e4'],1.0,1.0,1.0,True,0.0,4096,True,1
"[""refactor"", ""docs""]","[""refactor""]",0.6125133037567139,['771857b1df9470ebc15357e8879118a72c649d5b'],0.5,1.0,0.6666666666666666,False,0.1428571428571428,4096,True,1
"[""refactor""]","[""refactor""]",0.3351945877075195,['47ef9104e4a89e80d7cc6c1950bc080841da4a7b'],1.0,1.0,1.0,True,0.0,4096,True,1
"[""refactor""]","[""refactor""]",0.6713709831237793,['1db13ec43727aca872a0f3836e4023ed85db665e'],1.0,1.0,1.0,True,0.0,4096,True,1
"[""fix""]","[""fix""]",0.3116946220397949,['933ab6bb86372913c992567cf9660009900911a7'],1.0,1.0,1.0,True,0.0,4096,True,1
"[""test""]","[""test""]",0.3084614276885986,['e2e8ad25854bd1e7cdbc7f50b50bbd99e04ad47d'],1.0,1.0,1.0,True,0.0,4096,True,1
"[""fix"", ""build""]","[""build""]",0.4581232070922851,['c44cf88a6ec54e5ddd99d8348bcc57b301ec7945'],0.5,1.0,0.6666666666666666,False,0.1428571428571428,4096,True,1
"[""ci""]","[""ci""]",0.371201753616333,['e96487ad7ce90b141219d9032fa2bed68d5dae6a'],1.0,1.0,1.0,True,0.0,4096,True,1
"[""build""]","[""build""]",0.3669619560241699,['5b81fde8a72cf2e69a10e9f5c4f0bea0a2b8c3e0'],1.0,1.0,1.0,True,0.0,4096,True,1
"[""docs""]","[""docs""]",1.036811113357544,['cb1f48b56ae0de93acb72e48726c7d610a1d538e'],1.0,1.0,1.0,True,0.0,4096,True,1
"[""feat"", ""fix"", ""refactor"", ""docs"", ""test"", ""ci"", ""build""]","[""fix""]",1.070744514465332,['2561f4ade46fc9d59f289f328cc77733a6443697'],0.1428571428571428,1.0,0.25,False,0.8571428571428571,4096,True,1
"[""refactor""]","[""fix""]",0.3521497249603271,['06e2be4e2019b6fa714e1fcb34485860ef1ede79'],0.0,0.0,0.0,False,0.2857142857142857,4096,True,1
"[""refactor""]","[""refactor""]",0.341801643371582,['36556bf8e0bce4ab6d26eafacbdad04d9614a5d7'],1.0,1.0,1.0,True,0.0,4096,True,1
"[""build"", ""fix""]","[""build""]",0.4663448333740234,['c323d59c607cabc91f17a78528d998f376f30b10'],0.5,1.0,0.6666666666666666,False,0.1428571428571428,4096,True,1
"[""refactor"", ""build""]","[""build""]",0.5547394752502441,['e4a11fd5c34942ba12737f1c8c084489428ee274'],0.5,1.0,0.6666666666666666,False,0.1428571428571428,4096,True,1
"[""feat"", ""docs""]","[""refactor""]",0.5641069412231445,['63eab619e6166eb6cab948028a7b89bf059dd878'],0.0,0.0,0.0,False,0.4285714285714285,4096,True,1
"[""docs""]","[""docs""]",0.3420565128326416,['a52a585d74894b3b4eeb8c784fa089ff95cddad0'],1.0,1.0,1.0,True,0.0,4096,True,1
"[""feat"", ""refactor"", ""test"", ""ci"", ""build"", ""docs""]","[""feat""]",0.970574140548706,['b282e90e2cbb74559aab79eee8443a4d7c85502a'],0.1666666666666666,1.0,0.2857142857142857,False,0.7142857142857143,4096,True,1
"[""feat"", ""test"", ""ci"", ""build"", ""docs""]","[""feat""]",0.7866764068603516,['f823cf28652987d43c8324b4f5b203240032383a'],0.2,1.0,0.3333333333333333,False,0.5714285714285714,4096,True,1
"[""feat"", ""refactor""]","[""fix""]",0.497448205947876,['9ef5c0d14193a9abb09b39856f58477d1f4b0d77'],0.0,0.0,0.0,False,0.4285714285714285,4096,True,1
"[""feat"", ""refactor""]","[""feat""]",0.6048030853271484,['fd8e563cc19ca4684885d4692acee6bebcca4ada'],0.5,1.0,0.6666666666666666,False,0.1428571428571428,4096,True,1
"[""ci""]","[""ci""]",0.3811602592468261,['4cbbd2552ba0de273e1dfe7d453c5b3efed751a3'],1.0,1.0,1.0,True,0.0,4096,True,1
"[""ci"", ""test""]","[""ci""]",0.5781326293945312,['173553c0372e66e03bdab19e0e6c2dd44daa14a0'],0.5,1.0,0.6666666666666666,False,0.1428571428571428,4096,True,1
"[""ci""]","[""ci""]",0.5525305271148682,['32845e1bbd1efb5dbc16f671049509a409ba25ce'],1.0,1.0,1.0,True,0.0,4096,True,1
"[""test""]","[""test""]",0.3350460529327392,['229b53a632ea97d47c4be11f096bdd828fb415d8'],1.0,1.0,1.0,True,0.0,4096,True,1
"[""feat"", ""refactor""]","[""refactor""]",0.4921927452087402,['2954a0955ce9af6acb345ed1e8328e145ad30475'],0.5,1.0,0.6666666666666666,False,0.1428571428571428,4096,True,1
"[""refactor"", ""docs""]","[""refactor""]",0.4939680099487304,['a62314d9bb632be6af026686615d14b912250512'],0.5,1.0,0.6666666666666666,False,0.1428571428571428,4096,True,1
"[""refactor""]","[""refactor""]",0.7030730247497559,['062daa45cbd5dba6e96e95d8cdcaee89ae30a83c'],1.0,1.0,1.0,True,0.0,4096,True,1
"[""fix"", ""test""]","[""test""]",0.4908766746520996,['bedc7950b24c37809e36a585b7985d5aa5e3e458'],0.5,1.0,0.6666666666666666,False,0.1428571428571428,4096,True,1
"[""feat"", ""refactor""]","[""feat""]",0.9356966018676758,['ded26d768ff432ad3bde3c0aa1e95ce50726100a'],0.5,1.0,0.6666666666666666,False,0.1428571428571428,4096,True,1
"[""feat"", ""test""]","[""test""]",0.4996657371520996,['e9617f0854030e70365eb264bcb3b58078e79e9e'],0.5,1.0,0.6666666666666666,False,0.1428571428571428,4096,True,1
"[""feat"", ""build"", ""test""]","[""feat""]",0.7913870811462402,['6ed56ce9ae743ba9a87e6c9643cc06b1de7b748d'],0.3333333333333333,1.0,0.5,False,0.2857142857142857,4096,True,1
"[""feat"", ""docs""]","[""docs""]",0.422163724899292,['e12d9e77a6fd531a22325337838a841b1c67f00d'],0.5,1.0,0.6666666666666666,False,0.1428571428571428,4096,True,1
"[""feat"", ""refactor""]","[""feat"", ""refactor""]",0.648737907409668,"['fd8e563cc19ca4684885d4692acee6bebcca4ada', '36556bf8e0bce4ab6d26eafacbdad04d9614a5d7']",1.0,1.0,1.0,True,0.0,4096,True,2
"[""ci"", ""build""]","[""ci"", ""build""]",0.5715835094451904,"['45837af24a33308a70a3454f0f650f9fe728e272', '5b81fde8a72cf2e69a10e9f5c4f0bea0a2b8c3e0']",1.0,1.0,1.0,True,0.0,4096,True,2
"[""feat"", ""refactor"", ""test""]","[""refactor"", ""docs""]",0.6557261943817139,"['535708ae50aecb452560a23356fd396f99ef13a2', 'af880ac5b4fecbc6c4f3d1eee0d95f326e8bd9d1']",0.3333333333333333,0.5,0.4,False,0.4285714285714285,4096,True,2
"[""feat"", ""refactor"", ""docs"", ""test"", ""ci"", ""build""]","[""feat"", ""refactor""]",1.061087131500244,"['68278b00450f2679761a2999500f6d87a579376b', '63eab619e6166eb6cab948028a7b89bf059dd878']",0.3333333333333333,1.0,0.5,False,0.5714285714285714,4096,True,2
"[""ci"", ""test"", ""refactor""]","[""ci"", ""test""]",0.5932347774505615,"['dbb537a26e388a8d7d17faf131abc30c2f7a84e6', 'f411e58cd510f8a2b980b2f1932003a0c0e9f8f3']",0.6666666666666666,1.0,0.8,False,0.1428571428571428,4096,True,2
"[""test"", ""ci""]","[""test"", ""ci""]",0.5827207565307617,"['e2e8ad25854bd1e7cdbc7f50b50bbd99e04ad47d', 'c5fa7b80438fbd74f4c341f0d3c9bd9e0f4910da']",1.0,1.0,1.0,True,0.0,4096,True,2
"[""ci"", ""build""]","[""ci"", ""build""]",0.6288361549377441,"['45837af24a33308a70a3454f0f650f9fe728e272', '1269431c8a3e7549f10fcbbb4b88ff625c8898b3']",1.0,1.0,1.0,True,0.0,4096,True,2
"[""feat"", ""test"", ""refactor""]","[""feat"", ""test""]",0.7631256580352783,"['1bcf88670b50155b50071e707f98f30cea0b7a24', 'f411e58cd510f8a2b980b2f1932003a0c0e9f8f3']",0.6666666666666666,1.0,0.8,False,0.1428571428571428,4096,True,2
"[""fix"", ""ci""]","[""fix"", ""docs""]",0.4684889316558838,"['9be725fa3906323d4bc9788f54eccf74109d632b', '0cfc5633d37ea06f645649138323f1820e18bdee']",0.5,0.5,0.5,False,0.2857142857142857,4096,True,2
"[""fix"", ""ci""]","[""fix"", ""ci""]",0.4329326152801513,"['9be725fa3906323d4bc9788f54eccf74109d632b', 'e96487ad7ce90b141219d9032fa2bed68d5dae6a']",1.0,1.0,1.0,True,0.0,4096,True,2
"[""build"", ""test""]","[""build"", ""test""]",0.663628339767456,"['1269431c8a3e7549f10fcbbb4b88ff625c8898b3', '317f4eefecddfb1392ca71d551840f446feee302']",1.0,1.0,1.0,True,0.0,4096,True,2
"[""ci"", ""docs""]","[""ci"", ""docs""]",0.491518497467041,"['dbb537a26e388a8d7d17faf131abc30c2f7a84e6', '0cfc5633d37ea06f645649138323f1820e18bdee']",1.0,1.0,1.0,True,0.0,4096,True,2
"[""refactor"", ""build""]","[""refactor"", ""build""]",1.0022120475769043,"['3cca5c314ad6feeffbfe1f14cf49ebd0fd9a95a2', '454003841aabeb74396d73541378bfa59c75b5db']",1.0,1.0,1.0,True,0.0,4096,True,2
"[""feat"", ""fix"", ""refactor"", ""docs"", ""test"", ""ci"", ""build""]","[""fix"", ""refactor""]",1.413776159286499,"['2561f4ade46fc9d59f289f328cc77733a6443697', '062daa45cbd5dba6e96e95d8cdcaee89ae30a83c']",0.2857142857142857,1.0,0.4444444444444445,False,0.7142857142857143,4096,True,2
"[""fix"", ""ci""]","[""build"", ""ci""]",0.4987037181854248,"['c44cf88a6ec54e5ddd99d8348bcc57b301ec7945', 'dbb537a26e388a8d7d17faf131abc30c2f7a84e6']",0.5,0.5,0.5,False,0.2857142857142857,4096,True,2
"[""build"", ""feat"", ""refactor""]","[""build"", ""refactor""]",0.7112841606140137,"['32b92cfa0b74a6c25990e32ac6aab12b8496794c', '63eab619e6166eb6cab948028a7b89bf059dd878']",0.6666666666666666,1.0,0.8,False,0.1428571428571428,4096,True,2
"[""feat"", ""ci""]","[""feat"", ""docs""]",0.4944219589233398,"['dc5238b2bda98a7c4f2fe9584fc3b0191a408109', 'e12d9e77a6fd531a22325337838a841b1c67f00d']",0.5,0.5,0.5,False,0.2857142857142857,4096,True,2
"[""ci"", ""docs""]","[""ci"", ""docs""]",0.7336654663085938,"['32845e1bbd1efb5dbc16f671049509a409ba25ce', 'bf83c9155e9bee6925aa7102fab53fb803d52533']",1.0,1.0,1.0,True,0.0,4096,True,2
"[""feat"", ""build"", ""test"", ""refactor""]","[""fix"", ""feat""]",0.9647603034973145,"['d129eaf9125a967ac86c6c7276bbae6b4d50af36', '6ed56ce9ae743ba9a87e6c9643cc06b1de7b748d']",0.25,0.5,0.3333333333333333,False,0.5714285714285714,4096,True,2
"[""feat"", ""refactor"", ""ci""]","[""feat"", ""ci""]",0.7832815647125244,"['1bcf88670b50155b50071e707f98f30cea0b7a24', '74e9de5ec97dc013a52aa063dff0f40ac74c407b']",0.6666666666666666,1.0,0.8,False,0.1428571428571428,4096,True,2
"[""docs"", ""ci""]","[""docs"", ""ci""]",0.4970519542694092,"['036a0ff49a7dade0e04c9c07071a1ff49133ee24', '4cbbd2552ba0de273e1dfe7d453c5b3efed751a3']",1.0,1.0,1.0,True,0.0,4096,True,2
"[""feat"", ""docs"", ""test"", ""ci"", ""build""]","[""test"", ""docs""]",1.228079080581665,"['e9617f0854030e70365eb264bcb3b58078e79e9e', 'cb1f48b56ae0de93acb72e48726c7d610a1d538e']",0.4,1.0,0.5714285714285715,False,0.4285714285714285,4096,True,2
"[""docs"", ""feat""]","[""docs"", ""feat""]",0.5856809616088867,"['aca23027da1295c78fdf42ba9687d8ccc88784d7', 'f823cf28652987d43c8324b4f5b203240032383a']",1.0,1.0,1.0,True,0.0,4096,True,2
"[""refactor"", ""test"", ""ci"", ""build"", ""docs"", ""feat"", ""fix""]","[""refactor"", ""fix""]",1.0180168151855469,"['47ef9104e4a89e80d7cc6c1950bc080841da4a7b', '06e2be4e2019b6fa714e1fcb34485860ef1ede79']",0.2857142857142857,1.0,0.4444444444444445,False,0.7142857142857143,4096,True,2
"[""build"", ""ci""]","[""build"", ""ci""]",0.4813957214355469,"['5b81fde8a72cf2e69a10e9f5c4f0bea0a2b8c3e0', 'dbb537a26e388a8d7d17faf131abc30c2f7a84e6']",1.0,1.0,1.0,True,0.0,4096,True,2
"[""build"", ""refactor""]","[""build"", ""refactor""]",0.5191001892089844,"['5b81fde8a72cf2e69a10e9f5c4f0bea0a2b8c3e0', '36556bf8e0bce4ab6d26eafacbdad04d9614a5d7']",1.0,1.0,1.0,True,0.0,4096,True,2
"[""feat"", ""test""]","[""fix"", ""test""]",0.5792937278747559,"['9ef5c0d14193a9abb09b39856f58477d1f4b0d77', 'b7ce2894fd1794064bd6db4ed730bb6cb7728739']",0.5,0.5,0.5,False,0.2857142857142857,4096,True,2
"[""fix"", ""build"", ""docs""]","[""build"", ""docs""]",0.634584903717041,"['c323d59c607cabc91f17a78528d998f376f30b10', 'c2ee5cd5e709afd15c5565ee009a0d204403a119']",0.6666666666666666,1.0,0.8,False,0.1428571428571428,4096,True,2
"[""fix"", ""ci""]","[""fix"", ""ci""]",0.4297242164611816,"['9be725fa3906323d4bc9788f54eccf74109d632b', 'dbb537a26e388a8d7d17faf131abc30c2f7a84e6']",1.0,1.0,1.0,True,0.0,4096,True,2
"[""fix"", ""ci""]","[""fix"", ""ci""]",0.5735032558441162,"['9be725fa3906323d4bc9788f54eccf74109d632b', 'e7a67d88173566be3cd3aed7e9eeb7e29aabbc57']",1.0,1.0,1.0,True,0.0,4096,True,2
"[""feat"", ""refactor"", ""docs""]","[""docs"", ""refactor""]",0.9704644680023192,"['c2ee5cd5e709afd15c5565ee009a0d204403a119', '062daa45cbd5dba6e96e95d8cdcaee89ae30a83c']",0.6666666666666666,1.0,0.8,False,0.1428571428571428,4096,True,2
"[""feat"", ""refactor""]","[""fix"", ""feat""]",0.7844727039337158,"['933ab6bb86372913c992567cf9660009900911a7', 'e137f9fdbdb6bf3f85c3f7ac9323785e445844c8']",0.5,0.5,0.5,False,0.2857142857142857,4096,True,2
"[""fix"", ""build""]","[""fix"", ""build""]",0.5223968029022217,"['9be725fa3906323d4bc9788f54eccf74109d632b', 'c44cf88a6ec54e5ddd99d8348bcc57b301ec7945']",1.0,1.0,1.0,True,0.0,4096,True,2
"[""ci"", ""build"", ""test""]","[""ci"", ""docs""]",0.7294297218322754,"['173553c0372e66e03bdab19e0e6c2dd44daa14a0', 'e12d9e77a6fd531a22325337838a841b1c67f00d']",0.3333333333333333,0.5,0.4,False,0.4285714285714285,4096,True,2
"[""ci"", ""feat""]","[""ci"", ""feat""]",0.539870023727417,"['6c9cb638cb4d1ecc42632fcf389c24898c5b3244', 'f823cf28652987d43c8324b4f5b203240032383a']",1.0,1.0,1.0,True,0.0,4096,True,2
"[""ci"", ""docs"", ""refactor""]","[""ci"", ""docs""]",0.7107789516448975,"['74e9de5ec97dc013a52aa063dff0f40ac74c407b', 'c2ee5cd5e709afd15c5565ee009a0d204403a119']",0.6666666666666666,1.0,0.8,False,0.1428571428571428,4096,True,2
"[""test"", ""ci""]","[""test"", ""build""]",0.6071534156799316,"['317f4eefecddfb1392ca71d551840f446feee302', '5b81fde8a72cf2e69a10e9f5c4f0bea0a2b8c3e0']",0.5,0.5,0.5,False,0.2857142857142857,4096,True,2
"[""feat"", ""docs""]","[""docs"", ""feat""]",0.5169603824615479,"['a52a585d74894b3b4eeb8c784fa089ff95cddad0', 'f823cf28652987d43c8324b4f5b203240032383a']",1.0,1.0,1.0,True,0.0,4096,True,2
"[""refactor"", ""build""]","[""refactor"", ""build""]",0.5071132183074951,"['47ef9104e4a89e80d7cc6c1950bc080841da4a7b', '5b81fde8a72cf2e69a10e9f5c4f0bea0a2b8c3e0']",1.0,1.0,1.0,True,0.0,4096,True,2
"[""feat"", ""refactor"", ""docs"", ""test"", ""ci"", ""build""]","[""feat"", ""refactor""]",1.4464595317840576,"['e137f9fdbdb6bf3f85c3f7ac9323785e445844c8', '771857b1df9470ebc15357e8879118a72c649d5b']",0.3333333333333333,1.0,0.5,False,0.5714285714285714,4096,True,2
"[""feat"", ""refactor"", ""build"", ""test"", ""ci"", ""docs""]","[""feat"", ""fix""]",1.159087896347046,"['6ed56ce9ae743ba9a87e6c9643cc06b1de7b748d', 'd1d55e787b7d07f763852602b9939a5394607fd9']",0.1666666666666666,0.5,0.25,False,0.8571428571428571,4096,True,2
"[""build"", ""fix""]","[""build"", ""docs""]",0.4921720027923584,"['c323d59c607cabc91f17a78528d998f376f30b10', '0cfc5633d37ea06f645649138323f1820e18bdee']",0.5,0.5,0.5,False,0.2857142857142857,4096,True,2
"[""feat"", ""test"", ""ci"", ""build"", ""docs""]","[""test"", ""refactor""]",1.1029777526855469,"['8ee0611fbf0cd89abe7ae588f22e6ecb843598ea', '2954a0955ce9af6acb345ed1e8328e145ad30475']",0.2,0.5,0.2857142857142857,False,0.7142857142857143,4096,True,2
"[""refactor""]","[""refactor"", ""fix""]",0.4271912574768066,"['36556bf8e0bce4ab6d26eafacbdad04d9614a5d7', 'c8e0ae8612df3d6f2831acc004aaac332f6105e4']",1.0,0.5,0.6666666666666666,False,0.1428571428571428,4096,True,2
"[""refactor"", ""ci""]","[""build"", ""ci""]",0.6952981948852539,"['e4a11fd5c34942ba12737f1c8c084489428ee274', '173553c0372e66e03bdab19e0e6c2dd44daa14a0']",0.5,0.5,0.5,False,0.2857142857142857,4096,True,2
"[""feat"", ""fix"", ""refactor"", ""docs"", ""test"", ""ci"", ""build""]","[""fix"", ""feat""]",1.0593466758728027,"['c8e0ae8612df3d6f2831acc004aaac332f6105e4', 'f9a094918b62534614c47aa8a13f33aec751a1e0']",0.2857142857142857,1.0,0.4444444444444445,False,0.7142857142857143,4096,True,2
"[""refactor"", ""docs""]","[""refactor"", ""docs""]",0.7266852855682373,"['771857b1df9470ebc15357e8879118a72c649d5b', '0cfc5633d37ea06f645649138323f1820e18bdee']",1.0,1.0,1.0,True,0.0,4096,True,2
"[""feat"", ""refactor"", ""build"", ""test"", ""ci"", ""docs""]","[""feat"", ""fix""]",1.1631081104278564,"['6ed56ce9ae743ba9a87e6c9643cc06b1de7b748d', '87d5d4e55ab7149b593d29410f1fe426ba2447d4']",0.1666666666666666,0.5,0.25,False,0.8571428571428571,4096,True,2
"[""refactor"", ""test""]","[""refactor"", ""test""]",0.8072240352630615,"['1db13ec43727aca872a0f3836e4023ed85db665e', '229b53a632ea97d47c4be11f096bdd828fb415d8']",1.0,1.0,1.0,True,0.0,4096,True,2
"[""test"", ""feat""]","[""test"", ""refactor""]",0.7176885604858398,"['317f4eefecddfb1392ca71d551840f446feee302', '63eab619e6166eb6cab948028a7b89bf059dd878']",0.5,0.5,0.5,False,0.2857142857142857,4096,True,2
"[""feat"", ""refactor""]","[""docs"", ""build""]",0.5593931674957275,"['e12d9e77a6fd531a22325337838a841b1c67f00d', 'c44cf88a6ec54e5ddd99d8348bcc57b301ec7945']",0.0,0.0,0.0,False,0.5714285714285714,4096,True,2
"[""refactor"", ""build""]","[""refactor"", ""build""]",0.8327505588531494,"['1db13ec43727aca872a0f3836e4023ed85db665e', '32b92cfa0b74a6c25990e32ac6aab12b8496794c']",1.0,1.0,1.0,True,0.0,4096,True,2
"[""docs"", ""refactor"", ""build""]","[""docs"", ""fix""]",0.71533203125,"['c2ee5cd5e709afd15c5565ee009a0d204403a119', 'bed78248c941d57ad4cc20a455147e186e97c7a1']",0.3333333333333333,0.5,0.4,False,0.4285714285714285,4096,True,2
"[""fix"", ""feat"", ""ci"", ""docs""]","[""docs"", ""ci""]",0.81884765625,"['bf83c9155e9bee6925aa7102fab53fb803d52533', '173553c0372e66e03bdab19e0e6c2dd44daa14a0']",0.5,1.0,0.6666666666666666,False,0.2857142857142857,4096,True,2
"[""refactor"", ""ci""]","[""refactor"", ""ci""]",0.529057502746582,"['36556bf8e0bce4ab6d26eafacbdad04d9614a5d7', '74e9de5ec97dc013a52aa063dff0f40ac74c407b']",1.0,1.0,1.0,True,0.0,4096,True,2
"[""test"", ""feat""]","[""test"", ""fix""]",0.573462963104248,"['e9617f0854030e70365eb264bcb3b58078e79e9e', '87d5d4e55ab7149b593d29410f1fe426ba2447d4']",0.5,0.5,0.5,False,0.2857142857142857,4096,True,2
"[""feat"", ""refactor"", ""docs"", ""test"", ""ci"", ""build""]","[""feat"", ""refactor""]",1.241909742355347,"['e137f9fdbdb6bf3f85c3f7ac9323785e445844c8', '47ef9104e4a89e80d7cc6c1950bc080841da4a7b']",0.3333333333333333,1.0,0.5,False,0.5714285714285714,4096,True,2
"[""refactor"", ""fix"", ""ci""]","[""fix"", ""ci""]",0.7038135528564453,"['2561f4ade46fc9d59f289f328cc77733a6443697', '74e9de5ec97dc013a52aa063dff0f40ac74c407b']",0.6666666666666666,1.0,0.8,False,0.1428571428571428,4096,True,2
"[""build"", ""ci""]","[""build"", ""ci""]",0.4332530498504638,"['5b81fde8a72cf2e69a10e9f5c4f0bea0a2b8c3e0', 'e96487ad7ce90b141219d9032fa2bed68d5dae6a']",1.0,1.0,1.0,True,0.0,4096,True,2
"[""build"", ""test"", ""ci""]","[""build"", ""test""]",0.848660945892334,"['32b92cfa0b74a6c25990e32ac6aab12b8496794c', '8ee0611fbf0cd89abe7ae588f22e6ecb843598ea']",0.6666666666666666,1.0,0.8,False,0.1428571428571428,4096,True,2
"[""refactor"", ""ci""]","[""refactor"", ""ci""]",0.8401763439178467,"['1db13ec43727aca872a0f3836e4023ed85db665e', '74e9de5ec97dc013a52aa063dff0f40ac74c407b']",1.0,1.0,1.0,True,0.0,4096,True,2
"[""refactor"", ""build""]","[""fix"", ""build""]",0.6390731334686279,"['2561f4ade46fc9d59f289f328cc77733a6443697', 'c55591ba157298a9c5816693c102a89dfd058830']",0.5,0.5,0.5,False,0.2857142857142857,4096,True,2
"[""build"", ""refactor""]","[""build"", ""refactor""]",0.7727658748626709,"['5b81fde8a72cf2e69a10e9f5c4f0bea0a2b8c3e0', '1db13ec43727aca872a0f3836e4023ed85db665e']",1.0,1.0,1.0,True,0.0,4096,True,2
"[""test"", ""ci"", ""build"", ""feat""]","[""test"", ""ci""]",0.9532222747802734,"['8ee0611fbf0cd89abe7ae588f22e6ecb843598ea', 'e96487ad7ce90b141219d9032fa2bed68d5dae6a']",0.5,1.0,0.6666666666666666,False,0.2857142857142857,4096,True,2
"[""refactor"", ""test""]","[""test"", ""refactor""]",0.9016578197479248,"['bedc7950b24c37809e36a585b7985d5aa5e3e458', '062daa45cbd5dba6e96e95d8cdcaee89ae30a83c']",1.0,1.0,1.0,True,0.0,4096,True,2
"[""ci"", ""refactor"", ""test"", ""feat""]","[""ci"", ""refactor""]",0.8949141502380371,"['74e9de5ec97dc013a52aa063dff0f40ac74c407b', '63eab619e6166eb6cab948028a7b89bf059dd878']",0.5,1.0,0.6666666666666666,False,0.2857142857142857,4096,True,2
"[""test"", ""docs""]","[""test"", ""docs""]",0.5828561782836914,"['317f4eefecddfb1392ca71d551840f446feee302', 'af880ac5b4fecbc6c4f3d1eee0d95f326e8bd9d1']",1.0,1.0,1.0,True,0.0,4096,True,2
"[""feat"", ""refactor""]","[""feat"", ""fix""]",0.5051002502441406,"['dc5238b2bda98a7c4f2fe9584fc3b0191a408109', '9ef5c0d14193a9abb09b39856f58477d1f4b0d77']",0.5,0.5,0.5,False,0.2857142857142857,4096,True,2
"[""refactor"", ""ci""]","[""build"", ""docs""]",0.587543249130249,"['e4a11fd5c34942ba12737f1c8c084489428ee274', 'e12d9e77a6fd531a22325337838a841b1c67f00d']",0.0,0.0,0.0,False,0.5714285714285714,4096,True,2
"[""feat"", ""build"", ""test"", ""docs"", ""refactor"", ""ci""]","[""feat"", ""refactor""]",1.2579724788665771,"['6ed56ce9ae743ba9a87e6c9643cc06b1de7b748d', '63eab619e6166eb6cab948028a7b89bf059dd878']",0.3333333333333333,1.0,0.5,False,0.5714285714285714,4096,True,2
"[""ci"", ""docs"", ""refactor""]","[""ci"", ""fix"", ""docs""]",0.872222900390625,"['dbb537a26e388a8d7d17faf131abc30c2f7a84e6', 'd129eaf9125a967ac86c6c7276bbae6b4d50af36', 'cb1f48b56ae0de93acb72e48726c7d610a1d538e']",0.6666666666666666,0.6666666666666666,0.6666666666666666,False,0.2857142857142857,4096,True,3
"[""refactor"", ""test""]","[""fix"", ""refactor"", ""feat""]",0.9546327590942384,"['933ab6bb86372913c992567cf9660009900911a7', '3cca5c314ad6feeffbfe1f14cf49ebd0fd9a95a2', '6ed56ce9ae743ba9a87e6c9643cc06b1de7b748d']",0.5,0.3333333333333333,0.4,False,0.4285714285714285,4096,True,3
"[""build"", ""feat"", ""refactor""]","[""build"", ""feat"", ""ci""]",1.0536935329437256,"['5b81fde8a72cf2e69a10e9f5c4f0bea0a2b8c3e0', 'e137f9fdbdb6bf3f85c3f7ac9323785e445844c8', '32845e1bbd1efb5dbc16f671049509a409ba25ce']",0.6666666666666666,0.6666666666666666,0.6666666666666666,False,0.2857142857142857,4096,True,3
"[""ci"", ""feat"", ""refactor"", ""docs""]","[""ci"", ""docs"", ""feat""]",0.8974261283874512,"['45837af24a33308a70a3454f0f650f9fe728e272', '6d405dfc1675dcad64a2dfac0c0cb0fb28381d21', 'f823cf28652987d43c8324b4f5b203240032383a']",0.75,1.0,0.8571428571428571,False,0.1428571428571428,4096,True,3
"[""ci"", ""build"", ""docs"", ""fix""]","[""ci"", ""docs"", ""build""]",0.7241039276123047,"['6c9cb638cb4d1ecc42632fcf389c24898c5b3244', 'bf83c9155e9bee6925aa7102fab53fb803d52533', 'c323d59c607cabc91f17a78528d998f376f30b10']",0.75,1.0,0.8571428571428571,False,0.1428571428571428,4096,True,3
"[""test"", ""ci"", ""feat"", ""refactor""]","[""test"", ""docs"", ""fix""]",0.8083970546722412,"['229b53a632ea97d47c4be11f096bdd828fb415d8', 'e12d9e77a6fd531a22325337838a841b1c67f00d', 'd129eaf9125a967ac86c6c7276bbae6b4d50af36']",0.25,0.3333333333333333,0.2857142857142857,False,0.7142857142857143,4096,True,3
"[""feat"", ""docs"", ""refactor""]","[""feat"", ""docs"", ""refactor""]",0.7601768970489502,"['68278b00450f2679761a2999500f6d87a579376b', 'c2ee5cd5e709afd15c5565ee009a0d204403a119', '535708ae50aecb452560a23356fd396f99ef13a2']",1.0,1.0,1.0,True,0.0,4096,True,3
"[""build"", ""ci"", ""docs"", ""fix"", ""refactor""]","[""docs"", ""ci"", ""test""]",0.8988637924194336,"['0cfc5633d37ea06f645649138323f1820e18bdee', '6c9cb638cb4d1ecc42632fcf389c24898c5b3244', 'f411e58cd510f8a2b980b2f1932003a0c0e9f8f3']",0.4,0.6666666666666666,0.5,False,0.5714285714285714,4096,True,3
"[""build"", ""refactor""]","[""build"", ""fix"", ""refactor""]",0.6064016819000244,"['1269431c8a3e7549f10fcbbb4b88ff625c8898b3', '933ab6bb86372913c992567cf9660009900911a7', '36556bf8e0bce4ab6d26eafacbdad04d9614a5d7']",1.0,0.6666666666666666,0.8,False,0.1428571428571428,4096,True,3
"[""test"", ""docs"", ""refactor""]","[""test"", ""fix"", ""docs""]",0.706958532333374,"['c7b25726df94a2530c9b1c0d2b6a0acaa103822f', '933ab6bb86372913c992567cf9660009900911a7', 'c2ee5cd5e709afd15c5565ee009a0d204403a119']",0.6666666666666666,0.6666666666666666,0.6666666666666666,False,0.2857142857142857,4096,True,3
"[""build"", ""ci"", ""docs"", ""feat"", ""fix"", ""refactor"", ""test""]","[""build"", ""refactor"", ""fix""]",1.2454588413238523,"['32b92cfa0b74a6c25990e32ac6aab12b8496794c', '771857b1df9470ebc15357e8879118a72c649d5b', '06e2be4e2019b6fa714e1fcb34485860ef1ede79']",0.4285714285714285,1.0,0.6,False,0.5714285714285714,4096,True,3
"[""test"", ""refactor"", ""ci""]","[""test"", ""docs"", ""build""]",0.7075891494750977,"['f411e58cd510f8a2b980b2f1932003a0c0e9f8f3', '036a0ff49a7dade0e04c9c07071a1ff49133ee24', 'c44cf88a6ec54e5ddd99d8348bcc57b301ec7945']",0.3333333333333333,0.3333333333333333,0.3333333333333333,False,0.5714285714285714,4096,True,3
"[""feat"", ""refactor"", ""test"", ""build"", ""docs""]","[""feat"", ""test"", ""refactor""]",1.1092164516448977,"['6ed56ce9ae743ba9a87e6c9643cc06b1de7b748d', 'c7b25726df94a2530c9b1c0d2b6a0acaa103822f', '535708ae50aecb452560a23356fd396f99ef13a2']",0.6,1.0,0.7499999999999999,False,0.2857142857142857,4096,True,3
"[""feat"", ""refactor"", ""ci"", ""build"", ""test"", ""docs"", ""fix""]","[""docs"", ""feat"", ""fix""]",1.2426788806915283,"['6d405dfc1675dcad64a2dfac0c0cb0fb28381d21', 'ded26d768ff432ad3bde3c0aa1e95ce50726100a', 'd129eaf9125a967ac86c6c7276bbae6b4d50af36']",0.4285714285714285,1.0,0.6,False,0.5714285714285714,4096,True,3
"[""ci"", ""docs"", ""refactor""]","[""ci"", ""docs"", ""fix""]",0.8453693389892578,"['e7a67d88173566be3cd3aed7e9eeb7e29aabbc57', 'c2ee5cd5e709afd15c5565ee009a0d204403a119', 'bed78248c941d57ad4cc20a455147e186e97c7a1']",0.6666666666666666,0.6666666666666666,0.6666666666666666,False,0.2857142857142857,4096,True,3
"[""ci"", ""docs"", ""refactor"", ""test""]","[""ci"", ""docs"", ""fix""]",0.8686971664428711,"['74e9de5ec97dc013a52aa063dff0f40ac74c407b', 'aca23027da1295c78fdf42ba9687d8ccc88784d7', 'd129eaf9125a967ac86c6c7276bbae6b4d50af36']",0.5,0.6666666666666666,0.5714285714285715,False,0.4285714285714285,4096,True,3
"[""test"", ""refactor"", ""build""]","[""test"", ""fix"", ""build""]",0.7609481811523438,"['c7b25726df94a2530c9b1c0d2b6a0acaa103822f', 'bed78248c941d57ad4cc20a455147e186e97c7a1', 'c55591ba157298a9c5816693c102a89dfd058830']",0.6666666666666666,0.6666666666666666,0.6666666666666666,False,0.2857142857142857,4096,True,3
"[""docs"", ""ci"", ""refactor"", ""build""]","[""docs"", ""ci"", ""fix""]",0.9181919097900392,"['a52a585d74894b3b4eeb8c784fa089ff95cddad0', 'e7a67d88173566be3cd3aed7e9eeb7e29aabbc57', 'bed78248c941d57ad4cc20a455147e186e97c7a1']",0.5,0.6666666666666666,0.5714285714285715,False,0.4285714285714285,4096,True,3
"[""fix"", ""ci"", ""test"", ""build""]","[""build"", ""ci"", ""test""]",0.7613527774810791,"['f00a4d3e307b89842250358ee432e6800bb24362', '6c9cb638cb4d1ecc42632fcf389c24898c5b3244', 'c7b25726df94a2530c9b1c0d2b6a0acaa103822f']",0.75,1.0,0.8571428571428571,False,0.1428571428571428,4096,True,3
"[""feat"", ""feat"", ""feat""]","[""refactor"", ""feat"", ""fix""]",0.7030045986175537,"['2954a0955ce9af6acb345ed1e8328e145ad30475', 'dc5238b2bda98a7c4f2fe9584fc3b0191a408109', '9ef5c0d14193a9abb09b39856f58477d1f4b0d77']",1.0,0.3333333333333333,0.5,False,0.2857142857142857,4096,True,3
"[""ci"", ""test"", ""refactor""]","[""ci"", ""test"", ""fix""]",0.7082507610321045,"['4cbbd2552ba0de273e1dfe7d453c5b3efed751a3', 'f411e58cd510f8a2b980b2f1932003a0c0e9f8f3', '06e2be4e2019b6fa714e1fcb34485860ef1ede79']",0.6666666666666666,0.6666666666666666,0.6666666666666666,False,0.2857142857142857,4096,True,3
"[""feat"", ""refactor"", ""test"", ""build""]","[""feat"", ""refactor"", ""build""]",1.0976293087005615,"['b282e90e2cbb74559aab79eee8443a4d7c85502a', '1db13ec43727aca872a0f3836e4023ed85db665e', '37b1cbfd3d2c462ef4f2a131e4172c38dc8d9ddf']",0.75,1.0,0.8571428571428571,False,0.1428571428571428,4096,True,3
"[""feat"", ""refactor"", ""ci"", ""build""]","[""fix"", ""feat"", ""ci""]",1.011254072189331,"['d129eaf9125a967ac86c6c7276bbae6b4d50af36', 'fd8e563cc19ca4684885d4692acee6bebcca4ada', '173553c0372e66e03bdab19e0e6c2dd44daa14a0']",0.5,0.6666666666666666,0.5714285714285715,False,0.4285714285714285,4096,True,3
"[""feat"", ""docs"", ""test"", ""refactor""]","[""docs"", ""refactor"", ""test""]",0.8912105560302734,"['036a0ff49a7dade0e04c9c07071a1ff49133ee24', '63eab619e6166eb6cab948028a7b89bf059dd878', '229b53a632ea97d47c4be11f096bdd828fb415d8']",0.75,1.0,0.8571428571428571,False,0.1428571428571428,4096,True,3
"[""fix"", ""ci"", ""refactor""]","[""test"", ""ci"", ""feat""]",0.9319784641265868,"['c7b25726df94a2530c9b1c0d2b6a0acaa103822f', '32845e1bbd1efb5dbc16f671049509a409ba25ce', 'b282e90e2cbb74559aab79eee8443a4d7c85502a']",0.3333333333333333,0.3333333333333333,0.3333333333333333,False,0.5714285714285714,4096,True,3
"[""feat"", ""refactor"", ""ci"", ""build"", ""test"", ""docs""]","[""feat"", ""build"", ""refactor""]",0.9754931926727296,"['f9a094918b62534614c47aa8a13f33aec751a1e0', '5b81fde8a72cf2e69a10e9f5c4f0bea0a2b8c3e0', '36556bf8e0bce4ab6d26eafacbdad04d9614a5d7']",0.5,1.0,0.6666666666666666,False,0.4285714285714285,4096,True,3
"[""feat"", ""build"", ""ci"", ""refactor""]","[""feat"", ""build"", ""docs""]",1.0264291763305664,"['e137f9fdbdb6bf3f85c3f7ac9323785e445844c8', '37b1cbfd3d2c462ef4f2a131e4172c38dc8d9ddf', 'e12d9e77a6fd531a22325337838a841b1c67f00d']",0.5,0.6666666666666666,0.5714285714285715,False,0.4285714285714285,4096,True,3
"[""fix"", ""refactor"", ""ci""]","[""build"", ""refactor"", ""ci""]",0.7071716785430908,"['f00a4d3e307b89842250358ee432e6800bb24362', '36556bf8e0bce4ab6d26eafacbdad04d9614a5d7', '4cbbd2552ba0de273e1dfe7d453c5b3efed751a3']",0.6666666666666666,0.6666666666666666,0.6666666666666666,False,0.2857142857142857,4096,True,3
"[""docs"", ""build""]","[""docs"", ""ci"", ""build""]",0.8923742771148682,"['cb1f48b56ae0de93acb72e48726c7d610a1d538e', 'e96487ad7ce90b141219d9032fa2bed68d5dae6a', '454003841aabeb74396d73541378bfa59c75b5db']",1.0,0.6666666666666666,0.8,False,0.1428571428571428,4096,True,3
"[""fix"", ""test"", ""build""]","[""fix"", ""test"", ""build""]",0.676586389541626,"['d129eaf9125a967ac86c6c7276bbae6b4d50af36', 'e2e8ad25854bd1e7cdbc7f50b50bbd99e04ad47d', '1269431c8a3e7549f10fcbbb4b88ff625c8898b3']",1.0,1.0,1.0,True,0.0,4096,True,3
"[""feat"", ""docs"", ""refactor"", ""test"", ""ci"", ""build""]","[""refactor"", ""docs"", ""feat""]",1.080352544784546,"['2954a0955ce9af6acb345ed1e8328e145ad30475', 'a52a585d74894b3b4eeb8c784fa089ff95cddad0', 'b282e90e2cbb74559aab79eee8443a4d7c85502a']",0.5,1.0,0.6666666666666666,False,0.4285714285714285,4096,True,3
"[""fix"", ""refactor"", ""test""]","[""docs"", ""refactor"", ""test""]",0.9493241310119628,"['0cfc5633d37ea06f645649138323f1820e18bdee', '1db13ec43727aca872a0f3836e4023ed85db665e', 'bedc7950b24c37809e36a585b7985d5aa5e3e458']",0.6666666666666666,0.6666666666666666,0.6666666666666666,False,0.2857142857142857,4096,True,3
"[""fix"", ""build"", ""test""]","[""fix"", ""docs"", ""test""]",0.6464436054229736,"['933ab6bb86372913c992567cf9660009900911a7', '0cfc5633d37ea06f645649138323f1820e18bdee', 'c7b25726df94a2530c9b1c0d2b6a0acaa103822f']",0.6666666666666666,0.6666666666666666,0.6666666666666666,False,0.2857142857142857,4096,True,3
"[""refactor"", ""ci"", ""test""]","[""refactor"", ""ci"", ""test""]",0.7032840251922607,"['36556bf8e0bce4ab6d26eafacbdad04d9614a5d7', '6c9cb638cb4d1ecc42632fcf389c24898c5b3244', '229b53a632ea97d47c4be11f096bdd828fb415d8']",1.0,1.0,1.0,True,0.0,4096,True,3
"[""ci"", ""test"", ""docs""]","[""ci"", ""test"", ""docs""]",0.8140184879302979,"['c5fa7b80438fbd74f4c341f0d3c9bd9e0f4910da', '229b53a632ea97d47c4be11f096bdd828fb415d8', 'aca23027da1295c78fdf42ba9687d8ccc88784d7']",1.0,1.0,1.0,True,0.0,4096,True,3
"[""feat"", ""build"", ""refactor""]","[""feat"", ""docs"", ""fix""]",0.7875018119812012,"['f823cf28652987d43c8324b4f5b203240032383a', '0cfc5633d37ea06f645649138323f1820e18bdee', '9ef5c0d14193a9abb09b39856f58477d1f4b0d77']",0.3333333333333333,0.3333333333333333,0.3333333333333333,False,0.5714285714285714,4096,True,3
"[""test"", ""build""]","[""test"", ""fix"", ""build""]",0.6893553733825684,"['317f4eefecddfb1392ca71d551840f446feee302', '06e2be4e2019b6fa714e1fcb34485860ef1ede79', 'c55591ba157298a9c5816693c102a89dfd058830']",1.0,0.6666666666666666,0.8,False,0.1428571428571428,4096,True,3
"[""feat"", ""refactor"", ""docs"", ""build""]","[""feat"", ""docs"", ""refactor""]",0.931471347808838,"['e137f9fdbdb6bf3f85c3f7ac9323785e445844c8', 'bf83c9155e9bee6925aa7102fab53fb803d52533', '36556bf8e0bce4ab6d26eafacbdad04d9614a5d7']",0.75,1.0,0.8571428571428571,False,0.1428571428571428,4096,True,3
"[""feat"", ""build"", ""refactor""]","[""fix"", ""ci"", ""build""]",0.6628553867340088,"['d129eaf9125a967ac86c6c7276bbae6b4d50af36', '6c9cb638cb4d1ecc42632fcf389c24898c5b3244', 'c44cf88a6ec54e5ddd99d8348bcc57b301ec7945']",0.3333333333333333,0.3333333333333333,0.3333333333333333,False,0.5714285714285714,4096,True,3
"[""fix"", ""feat"", ""docs""]","[""fix"", ""refactor"", ""docs""]",0.687544584274292,"['2561f4ade46fc9d59f289f328cc77733a6443697', '2954a0955ce9af6acb345ed1e8328e145ad30475', 'a52a585d74894b3b4eeb8c784fa089ff95cddad0']",0.6666666666666666,0.6666666666666666,0.6666666666666666,False,0.2857142857142857,4096,True,3
"[""build"", ""fix""]","[""build"", ""feat"", ""fix""]",0.5505239963531494,"['c55591ba157298a9c5816693c102a89dfd058830', 'dc5238b2bda98a7c4f2fe9584fc3b0191a408109', '9be725fa3906323d4bc9788f54eccf74109d632b']",1.0,0.6666666666666666,0.8,False,0.1428571428571428,4096,True,3
"[""test"", ""refactor"", ""feat""]","[""test"", ""refactor"", ""feat""]",0.9092705249786376,"['229b53a632ea97d47c4be11f096bdd828fb415d8', '36556bf8e0bce4ab6d26eafacbdad04d9614a5d7', 'ded26d768ff432ad3bde3c0aa1e95ce50726100a']",1.0,1.0,1.0,True,0.0,4096,True,3
"[""test"", ""ci"", ""build""]","[""test"", ""build"", ""ci""]",0.8393535614013672,"['e0198f74b81da3663144cfe1d971939319f82a0f', 'c55591ba157298a9c5816693c102a89dfd058830', 'e7a67d88173566be3cd3aed7e9eeb7e29aabbc57']",1.0,1.0,1.0,True,0.0,4096,True,3
"[""feat"", ""test"", ""refactor"", ""docs""]","[""test"", ""fix"", ""docs""]",0.8768210411071777,"['bedc7950b24c37809e36a585b7985d5aa5e3e458', '933ab6bb86372913c992567cf9660009900911a7', '6d405dfc1675dcad64a2dfac0c0cb0fb28381d21']",0.5,0.6666666666666666,0.5714285714285715,False,0.4285714285714285,4096,True,3
"[""fix"", ""refactor"", ""test""]","[""fix"", ""build"", ""test""]",0.7772712707519531,"['d129eaf9125a967ac86c6c7276bbae6b4d50af36', '32b92cfa0b74a6c25990e32ac6aab12b8496794c', '317f4eefecddfb1392ca71d551840f446feee302']",0.6666666666666666,0.6666666666666666,0.6666666666666666,False,0.2857142857142857,4096,True,3
"[""feat"", ""fix"", ""ci""]","[""feat"", ""fix"", ""ci""]",0.899357795715332,"['f823cf28652987d43c8324b4f5b203240032383a', '9be725fa3906323d4bc9788f54eccf74109d632b', '32845e1bbd1efb5dbc16f671049509a409ba25ce']",1.0,1.0,1.0,True,0.0,4096,True,3
"[""feat"", ""build"", ""docs""]","[""fix"", ""docs"", ""build""]",0.7304501533508301,"['9ef5c0d14193a9abb09b39856f58477d1f4b0d77', 'a52a585d74894b3b4eeb8c784fa089ff95cddad0', '37b1cbfd3d2c462ef4f2a131e4172c38dc8d9ddf']",0.6666666666666666,0.6666666666666666,0.6666666666666666,False,0.2857142857142857,4096,True,3
"[""feat"", ""ci"", ""docs""]","[""fix"", ""ci"", ""docs""]",0.6791176795959473,"['87d5d4e55ab7149b593d29410f1fe426ba2447d4', '4cbbd2552ba0de273e1dfe7d453c5b3efed751a3', '6d405dfc1675dcad64a2dfac0c0cb0fb28381d21']",0.6666666666666666,0.6666666666666666,0.6666666666666666,False,0.2857142857142857,4096,True,3
"[""feat"", ""docs""]","[""feat"", ""docs"", ""fix""]",0.9089868068695068,"['fd8e563cc19ca4684885d4692acee6bebcca4ada', 'cb1f48b56ae0de93acb72e48726c7d610a1d538e', 'bed78248c941d57ad4cc20a455147e186e97c7a1']",1.0,0.6666666666666666,0.8,False,0.1428571428571428,4096,True,3
"[""refactor"", ""feat""]","[""feat"", ""fix"", ""refactor""]",0.8909237384796143,"['1bcf88670b50155b50071e707f98f30cea0b7a24', '9ef5c0d14193a9abb09b39856f58477d1f4b0d77', '062daa45cbd5dba6e96e95d8cdcaee89ae30a83c']",1.0,0.6666666666666666,0.8,False,0.1428571428571428,4096,True,3
"[""fix"", ""docs"", ""build"", ""test""]","[""fix"", ""docs"", ""test""]",0.8686671257019043,"['bed78248c941d57ad4cc20a455147e186e97c7a1', 'a52a585d74894b3b4eeb8c784fa089ff95cddad0', 'e9617f0854030e70365eb264bcb3b58078e79e9e']",0.75,1.0,0.8571428571428571,False,0.1428571428571428,4096,True,3
"[""docs"", ""ci"", ""refactor""]","[""docs"", ""ci"", ""feat""]",0.8200340270996094,"['c2ee5cd5e709afd15c5565ee009a0d204403a119', 'dbb537a26e388a8d7d17faf131abc30c2f7a84e6', 'ded26d768ff432ad3bde3c0aa1e95ce50726100a']",0.6666666666666666,0.6666666666666666,0.6666666666666666,False,0.2857142857142857,4096,True,3
"[""build"", ""refactor""]","[""build"", ""ci"", ""refactor""]",0.856501579284668,"['454003841aabeb74396d73541378bfa59c75b5db', 'dbb537a26e388a8d7d17faf131abc30c2f7a84e6', '062daa45cbd5dba6e96e95d8cdcaee89ae30a83c']",1.0,0.6666666666666666,0.8,False,0.1428571428571428,4096,True,3
"[""feat"", ""test"", ""ci"", ""build"", ""docs"", ""refactor""]","[""feat"", ""fix"", ""test""]",1.133755445480347,"['fd8e563cc19ca4684885d4692acee6bebcca4ada', 'd1d55e787b7d07f763852602b9939a5394607fd9', 'b7ce2894fd1794064bd6db4ed730bb6cb7728739']",0.3333333333333333,0.6666666666666666,0.4444444444444444,False,0.7142857142857143,4096,True,3
"[""docs"", ""test"", ""ci"", ""build""]","[""docs"", ""test"", ""build""]",0.8310871124267578,"['bf83c9155e9bee6925aa7102fab53fb803d52533', 'b7ce2894fd1794064bd6db4ed730bb6cb7728739', '37b1cbfd3d2c462ef4f2a131e4172c38dc8d9ddf']",0.75,1.0,0.8571428571428571,False,0.1428571428571428,4096,True,3
"[""feat"", ""ci"", ""test""]","[""fix"", ""ci"", ""test""]",0.8528139591217041,"['d129eaf9125a967ac86c6c7276bbae6b4d50af36', 'e7a67d88173566be3cd3aed7e9eeb7e29aabbc57', '317f4eefecddfb1392ca71d551840f446feee302']",0.6666666666666666,0.6666666666666666,0.6666666666666666,False,0.2857142857142857,4096,True,3
"[""docs"", ""build"", ""refactor""]","[""docs"", ""fix"", ""ci""]",0.7019197940826416,"['c2ee5cd5e709afd15c5565ee009a0d204403a119', 'd1d55e787b7d07f763852602b9939a5394607fd9', '6c9cb638cb4d1ecc42632fcf389c24898c5b3244']",0.3333333333333333,0.3333333333333333,0.3333333333333333,False,0.5714285714285714,4096,True,3
"[""ci"", ""refactor"", ""docs""]","[""ci"", ""fix"", ""docs""]",0.6666445732116699,"['dbb537a26e388a8d7d17faf131abc30c2f7a84e6', 'c8e0ae8612df3d6f2831acc004aaac332f6105e4', 'e12d9e77a6fd531a22325337838a841b1c67f00d']",0.6666666666666666,0.6666666666666666,0.6666666666666666,False,0.2857142857142857,4096,True,3
"[""build"", ""docs"", ""feat"", ""refactor"", ""test""]","[""build"", ""docs"", ""refactor""]",0.9101247787475586,"['c55591ba157298a9c5816693c102a89dfd058830', 'c2ee5cd5e709afd15c5565ee009a0d204403a119', 'a62314d9bb632be6af026686615d14b912250512']",0.6,1.0,0.7499999999999999,False,0.2857142857142857,4096,True,3
"[""refactor"", ""ci"", ""build"", ""test"", ""docs"", ""feat"", ""fix""]","[""fix"", ""build"", ""refactor""]",1.2766268253326416,"['d1d55e787b7d07f763852602b9939a5394607fd9', '32b92cfa0b74a6c25990e32ac6aab12b8496794c', '062daa45cbd5dba6e96e95d8cdcaee89ae30a83c']",0.4285714285714285,1.0,0.6,False,0.5714285714285714,4096,True,3
"[""test"", ""ci"", ""build"", ""refactor""]","[""test"", ""docs"", ""build""]",0.8375351428985596,"['f411e58cd510f8a2b980b2f1932003a0c0e9f8f3', 'af880ac5b4fecbc6c4f3d1eee0d95f326e8bd9d1', '1269431c8a3e7549f10fcbbb4b88ff625c8898b3']",0.5,0.6666666666666666,0.5714285714285715,False,0.4285714285714285,4096,True,3
"[""feat"", ""test"", ""refactor"", ""build""]","[""feat"", ""fix"", ""test""]",0.8382837772369385,"['f9a094918b62534614c47aa8a13f33aec751a1e0', '87d5d4e55ab7149b593d29410f1fe426ba2447d4', '317f4eefecddfb1392ca71d551840f446feee302']",0.5,0.6666666666666666,0.5714285714285715,False,0.4285714285714285,4096,True,3
"[""test"", ""feat"", ""build""]","[""test"", ""fix"", ""feat""]",0.7141218185424805,"['229b53a632ea97d47c4be11f096bdd828fb415d8', 'c8e0ae8612df3d6f2831acc004aaac332f6105e4', 'f823cf28652987d43c8324b4f5b203240032383a']",0.6666666666666666,0.6666666666666666,0.6666666666666666,False,0.2857142857142857,4096,True,3
"[""feat"", ""fix"", ""refactor"", ""docs"", ""test"", ""ci"", ""build""]","[""feat"", ""fix"", ""docs""]",1.0588343143463137,"['dc5238b2bda98a7c4f2fe9584fc3b0191a408109', '06e2be4e2019b6fa714e1fcb34485860ef1ede79', 'af880ac5b4fecbc6c4f3d1eee0d95f326e8bd9d1']",0.4285714285714285,1.0,0.6,False,0.5714285714285714,4096,True,3
"[""ci"", ""feat"", ""refactor"", ""test""]","[""ci"", ""docs"", ""test""]",0.8631467819213867,"['173553c0372e66e03bdab19e0e6c2dd44daa14a0', 'e12d9e77a6fd531a22325337838a841b1c67f00d', 'c7b25726df94a2530c9b1c0d2b6a0acaa103822f']",0.5,0.6666666666666666,0.5714285714285715,False,0.4285714285714285,4096,True,3
"[""ci"", ""refactor"", ""docs""]","[""ci"", ""fix"", ""docs""]",0.6877431869506836,"['dbb537a26e388a8d7d17faf131abc30c2f7a84e6', '2561f4ade46fc9d59f289f328cc77733a6443697', 'e12d9e77a6fd531a22325337838a841b1c67f00d']",0.6666666666666666,0.6666666666666666,0.6666666666666666,False,0.2857142857142857,4096,True,3
"[""feat"", ""test"", ""ci"", ""build""]","[""feat"", ""fix"", ""test""]",0.8335654735565186,"['f823cf28652987d43c8324b4f5b203240032383a', '9ef5c0d14193a9abb09b39856f58477d1f4b0d77', '229b53a632ea97d47c4be11f096bdd828fb415d8']",0.5,0.6666666666666666,0.5714285714285715,False,0.4285714285714285,4096,True,3
"[""feat"", ""ci"", ""refactor"", ""docs"", ""test"", ""build""]","[""docs"", ""ci"", ""feat""]",1.1848249435424805,"['6d405dfc1675dcad64a2dfac0c0cb0fb28381d21', '173553c0372e66e03bdab19e0e6c2dd44daa14a0', 'b282e90e2cbb74559aab79eee8443a4d7c85502a']",0.5,1.0,0.6666666666666666,False,0.4285714285714285,4096,True,3
"[""ci"", ""docs"", ""feat"", ""refactor""]","[""ci"", ""docs"", ""build""]",0.8837485313415527,"['c5fa7b80438fbd74f4c341f0d3c9bd9e0f4910da', '036a0ff49a7dade0e04c9c07071a1ff49133ee24', 'c44cf88a6ec54e5ddd99d8348bcc57b301ec7945']",0.5,0.6666666666666666,0.5714285714285715,False,0.4285714285714285,4096,True,3
"[""ci"", ""refactor"", ""build""]","[""ci"", ""feat"", ""build""]",0.9976794719696044,"['32845e1bbd1efb5dbc16f671049509a409ba25ce', 'b282e90e2cbb74559aab79eee8443a4d7c85502a', '37b1cbfd3d2c462ef4f2a131e4172c38dc8d9ddf']",0.6666666666666666,0.6666666666666666,0.6666666666666666,False,0.2857142857142857,4096,True,3
"[""test"", ""build"", ""feat"", ""fix""]","[""test"", ""build"", ""fix"", ""feat""]",0.9001631736755371,"['e0198f74b81da3663144cfe1d971939319f82a0f', 'f00a4d3e307b89842250358ee432e6800bb24362', 'd129eaf9125a967ac86c6c7276bbae6b4d50af36', 'dc5238b2bda98a7c4f2fe9584fc3b0191a408109']",1.0,1.0,1.0,True,0.0,4096,True,4
"[""ci"", ""docs"", ""feat"", ""refactor"", ""test""]","[""ci"", ""build"", ""test"", ""docs""]",1.0439929962158203,"['c5fa7b80438fbd74f4c341f0d3c9bd9e0f4910da', '1269431c8a3e7549f10fcbbb4b88ff625c8898b3', 'e2e8ad25854bd1e7cdbc7f50b50bbd99e04ad47d', '036a0ff49a7dade0e04c9c07071a1ff49133ee24']",0.6,0.75,0.6666666666666665,False,0.4285714285714285,4096,True,4
"[""refactor"", ""docs"", ""test""]","[""refactor"", ""feat"", ""docs"", ""test""]",0.8524899482727051,"['3cca5c314ad6feeffbfe1f14cf49ebd0fd9a95a2', 'dc5238b2bda98a7c4f2fe9584fc3b0191a408109', 'aca23027da1295c78fdf42ba9687d8ccc88784d7', '229b53a632ea97d47c4be11f096bdd828fb415d8']",1.0,0.75,0.8571428571428571,False,0.1428571428571428,4096,True,4
"[""fix"", ""build"", ""refactor"", ""test""]","[""fix"", ""test"", ""build"", ""refactor""]",0.9450762271881104,"['d1d55e787b7d07f763852602b9939a5394607fd9', 'bedc7950b24c37809e36a585b7985d5aa5e3e458', 'c55591ba157298a9c5816693c102a89dfd058830', '535708ae50aecb452560a23356fd396f99ef13a2']",1.0,1.0,1.0,True,0.0,4096,True,4
"[""feat"", ""refactor"", ""docs"", ""build"", ""test"", ""ci""]","[""docs"", ""build"", ""ci"", ""feat""]",1.273176670074463,"['a52a585d74894b3b4eeb8c784fa089ff95cddad0', '1269431c8a3e7549f10fcbbb4b88ff625c8898b3', '45837af24a33308a70a3454f0f650f9fe728e272', 'e137f9fdbdb6bf3f85c3f7ac9323785e445844c8']",0.6666666666666666,1.0,0.8,False,0.2857142857142857,4096,True,4
"[""feat"", ""fix"", ""test"", ""ci"", ""docs""]","[""test"", ""fix"", ""refactor"", ""ci""]",1.1131527423858645,"['e9617f0854030e70365eb264bcb3b58078e79e9e', 'bed78248c941d57ad4cc20a455147e186e97c7a1', '535708ae50aecb452560a23356fd396f99ef13a2', 'c5fa7b80438fbd74f4c341f0d3c9bd9e0f4910da']",0.6,0.75,0.6666666666666665,False,0.4285714285714285,4096,True,4
"[""ci"", ""feat"", ""refactor"", ""build""]","[""ci"", ""fix"", ""feat"", ""refactor""]",1.0607261657714844,"['e7a67d88173566be3cd3aed7e9eeb7e29aabbc57', 'bed78248c941d57ad4cc20a455147e186e97c7a1', 'f823cf28652987d43c8324b4f5b203240032383a', '2954a0955ce9af6acb345ed1e8328e145ad30475']",0.75,0.75,0.75,False,0.2857142857142857,4096,True,4
"[""docs"", ""ci"", ""test"", ""refactor""]","[""docs"", ""ci"", ""test"", ""refactor""]",1.159714937210083,"['aca23027da1295c78fdf42ba9687d8ccc88784d7', '74e9de5ec97dc013a52aa063dff0f40ac74c407b', '317f4eefecddfb1392ca71d551840f446feee302', '3cca5c314ad6feeffbfe1f14cf49ebd0fd9a95a2']",1.0,1.0,1.0,True,0.0,4096,True,4
"[""fix"", ""feat"", ""build"", ""ci"", ""test"", ""docs""]","[""fix"", ""feat"", ""build"", ""docs""]",1.1133110523223877,"['9be725fa3906323d4bc9788f54eccf74109d632b', 'e137f9fdbdb6bf3f85c3f7ac9323785e445844c8', 'c323d59c607cabc91f17a78528d998f376f30b10', '0cfc5633d37ea06f645649138323f1820e18bdee']",0.6666666666666666,1.0,0.8,False,0.2857142857142857,4096,True,4
"[""fix"", ""feat"", ""test"", ""ci"", ""build"", ""docs"", ""refactor""]","[""docs"", ""feat"", ""test"", ""fix""]",1.2627172470092771,"['0cfc5633d37ea06f645649138323f1820e18bdee', '1bcf88670b50155b50071e707f98f30cea0b7a24', '229b53a632ea97d47c4be11f096bdd828fb415d8', '87d5d4e55ab7149b593d29410f1fe426ba2447d4']",0.5714285714285714,1.0,0.7272727272727273,False,0.4285714285714285,4096,True,4
"[""build"", ""refactor"", ""test""]","[""build"", ""refactor"", ""test"", ""ci""]",0.8723335266113281,"['c55591ba157298a9c5816693c102a89dfd058830', '062daa45cbd5dba6e96e95d8cdcaee89ae30a83c', 'c7b25726df94a2530c9b1c0d2b6a0acaa103822f', 'dbb537a26e388a8d7d17faf131abc30c2f7a84e6']",1.0,0.75,0.8571428571428571,False,0.1428571428571428,4096,True,4
"[""feat"", ""fix"", ""refactor"", ""test"", ""ci"", ""build"", ""docs""]","[""feat"", ""fix"", ""test"", ""refactor""]",1.1070671081542969,"['dc5238b2bda98a7c4f2fe9584fc3b0191a408109', 'c8e0ae8612df3d6f2831acc004aaac332f6105e4', 'f411e58cd510f8a2b980b2f1932003a0c0e9f8f3', '47ef9104e4a89e80d7cc6c1950bc080841da4a7b']",0.5714285714285714,1.0,0.7272727272727273,False,0.4285714285714285,4096,True,4
"[""feat"", ""docs"", ""test"", ""ci"", ""build""]","[""refactor"", ""docs"", ""test"", ""ci""]",1.1297428607940674,"['63eab619e6166eb6cab948028a7b89bf059dd878', 'aca23027da1295c78fdf42ba9687d8ccc88784d7', 'f411e58cd510f8a2b980b2f1932003a0c0e9f8f3', 'e7a67d88173566be3cd3aed7e9eeb7e29aabbc57']",0.6,0.75,0.6666666666666665,False,0.4285714285714285,4096,True,4
"[""feat"", ""docs"", ""refactor"", ""test"", ""ci"", ""build""]","[""docs"", ""refactor"", ""test"", ""fix""]",1.2407007217407229,"['aca23027da1295c78fdf42ba9687d8ccc88784d7', '062daa45cbd5dba6e96e95d8cdcaee89ae30a83c', 'b7ce2894fd1794064bd6db4ed730bb6cb7728739', '06e2be4e2019b6fa714e1fcb34485860ef1ede79']",0.5,0.75,0.6,False,0.5714285714285714,4096,True,4
"[""test"", ""docs"", ""build"", ""ci"", ""feat""]","[""test"", ""docs"", ""build"", ""ci""]",1.2024152278900146,"['317f4eefecddfb1392ca71d551840f446feee302', 'aca23027da1295c78fdf42ba9687d8ccc88784d7', 'f00a4d3e307b89842250358ee432e6800bb24362', '32845e1bbd1efb5dbc16f671049509a409ba25ce']",0.8,1.0,0.888888888888889,False,0.1428571428571428,4096,True,4
"[""refactor"", ""test""]","[""fix"", ""refactor"", ""docs"", ""test""]",0.7103896141052246,"['933ab6bb86372913c992567cf9660009900911a7', '3cca5c314ad6feeffbfe1f14cf49ebd0fd9a95a2', 'a52a585d74894b3b4eeb8c784fa089ff95cddad0', '229b53a632ea97d47c4be11f096bdd828fb415d8']",1.0,0.5,0.6666666666666666,False,0.2857142857142857,4096,True,4
"[""feat"", ""docs"", ""build"", ""ci""]","[""refactor"", ""ci"", ""docs"", ""build""]",0.9016315937042236,"['63eab619e6166eb6cab948028a7b89bf059dd878', '6c9cb638cb4d1ecc42632fcf389c24898c5b3244', 'a52a585d74894b3b4eeb8c784fa089ff95cddad0', 'c55591ba157298a9c5816693c102a89dfd058830']",0.75,0.75,0.75,False,0.2857142857142857,4096,True,4
"[""ci"", ""test"", ""build"", ""feat"", ""refactor"", ""docs""]","[""ci"", ""build"", ""test"", ""fix""]",1.3074240684509275,"['173553c0372e66e03bdab19e0e6c2dd44daa14a0', 'c55591ba157298a9c5816693c102a89dfd058830', '8ee0611fbf0cd89abe7ae588f22e6ecb843598ea', '87d5d4e55ab7149b593d29410f1fe426ba2447d4']",0.5,0.75,0.6,False,0.5714285714285714,4096,True,4
"[""ci"", ""feat"", ""refactor"", ""build""]","[""ci"", ""build"", ""feat"", ""fix""]",1.049063205718994,"['32845e1bbd1efb5dbc16f671049509a409ba25ce', '32b92cfa0b74a6c25990e32ac6aab12b8496794c', 'fd8e563cc19ca4684885d4692acee6bebcca4ada', '933ab6bb86372913c992567cf9660009900911a7']",0.75,0.75,0.75,False,0.2857142857142857,4096,True,4
"[""test"", ""ci"", ""refactor"", ""feat"", ""build""]","[""test"", ""build"", ""fix"", ""feat""]",1.3282227516174316,"['317f4eefecddfb1392ca71d551840f446feee302', '454003841aabeb74396d73541378bfa59c75b5db', '933ab6bb86372913c992567cf9660009900911a7', '6ed56ce9ae743ba9a87e6c9643cc06b1de7b748d']",0.6,0.75,0.6666666666666665,False,0.4285714285714285,4096,True,4
"[""fix"", ""feat"", ""test"", ""refactor""]","[""fix"", ""docs"", ""test"", ""refactor""]",0.9410116672515868,"['d1d55e787b7d07f763852602b9939a5394607fd9', '6d405dfc1675dcad64a2dfac0c0cb0fb28381d21', 'e0198f74b81da3663144cfe1d971939319f82a0f', '36556bf8e0bce4ab6d26eafacbdad04d9614a5d7']",0.75,0.75,0.75,False,0.2857142857142857,4096,True,4
"[""ci"", ""feat"", ""refactor"", ""test""]","[""ci"", ""docs"", ""build"", ""feat""]",0.9766666889190674,"['e7a67d88173566be3cd3aed7e9eeb7e29aabbc57', '6d405dfc1675dcad64a2dfac0c0cb0fb28381d21', 'c44cf88a6ec54e5ddd99d8348bcc57b301ec7945', 'f9a094918b62534614c47aa8a13f33aec751a1e0']",0.5,0.5,0.5,False,0.5714285714285714,4096,True,4
"[""feat"", ""fix"", ""test"", ""refactor"", ""docs""]","[""fix"", ""test"", ""feat"", ""docs""]",1.230921983718872,"['2561f4ade46fc9d59f289f328cc77733a6443697', 'e0198f74b81da3663144cfe1d971939319f82a0f', '1bcf88670b50155b50071e707f98f30cea0b7a24', '6d405dfc1675dcad64a2dfac0c0cb0fb28381d21']",0.8,1.0,0.888888888888889,False,0.1428571428571428,4096,True,4
"[""ci"", ""test"", ""refactor""]","[""ci"", ""fix"", ""test"", ""docs""]",0.7466068267822266,"['4cbbd2552ba0de273e1dfe7d453c5b3efed751a3', '933ab6bb86372913c992567cf9660009900911a7', 'b7ce2894fd1794064bd6db4ed730bb6cb7728739', 'af880ac5b4fecbc6c4f3d1eee0d95f326e8bd9d1']",0.6666666666666666,0.5,0.5714285714285715,False,0.4285714285714285,4096,True,4
"[""feat"", ""refactor"", ""ci"", ""build"", ""docs"", ""test""]","[""feat"", ""ci"", ""refactor"", ""fix""]",1.2377979755401611,"['f823cf28652987d43c8324b4f5b203240032383a', '45837af24a33308a70a3454f0f650f9fe728e272', '36556bf8e0bce4ab6d26eafacbdad04d9614a5d7', 'bed78248c941d57ad4cc20a455147e186e97c7a1']",0.5,0.75,0.6,False,0.5714285714285714,4096,True,4
"[""feat"", ""fix"", ""refactor"", ""docs"", ""test"", ""ci"", ""build""]","[""refactor"", ""feat"", ""docs"", ""build""]",1.3839242458343506,"['63eab619e6166eb6cab948028a7b89bf059dd878', 'e137f9fdbdb6bf3f85c3f7ac9323785e445844c8', 'a52a585d74894b3b4eeb8c784fa089ff95cddad0', 'f00a4d3e307b89842250358ee432e6800bb24362']",0.5714285714285714,1.0,0.7272727272727273,False,0.4285714285714285,4096,True,4
"[""build"", ""test"", ""refactor"", ""ci""]","[""build"", ""test"", ""ci"", ""refactor""]",1.1865434646606443,"['1269431c8a3e7549f10fcbbb4b88ff625c8898b3', '8ee0611fbf0cd89abe7ae588f22e6ecb843598ea', '45837af24a33308a70a3454f0f650f9fe728e272', '63eab619e6166eb6cab948028a7b89bf059dd878']",1.0,1.0,1.0,True,0.0,4096,True,4
"[""build"", ""docs"", ""feat"", ""refactor"", ""test""]","[""build"", ""docs"", ""feat"", ""fix""]",1.150207281112671,"['37b1cbfd3d2c462ef4f2a131e4172c38dc8d9ddf', '6d405dfc1675dcad64a2dfac0c0cb0fb28381d21', 'b282e90e2cbb74559aab79eee8443a4d7c85502a', '2561f4ade46fc9d59f289f328cc77733a6443697']",0.6,0.75,0.6666666666666665,False,0.4285714285714285,4096,True,4
"[""build"", ""test"", ""ci"", ""refactor""]","[""build"", ""test"", ""ci"", ""feat""]",1.2090606689453125,"['c55591ba157298a9c5816693c102a89dfd058830', '317f4eefecddfb1392ca71d551840f446feee302', 'c5fa7b80438fbd74f4c341f0d3c9bd9e0f4910da', '6ed56ce9ae743ba9a87e6c9643cc06b1de7b748d']",0.75,0.75,0.75,False,0.2857142857142857,4096,True,4
"[""refactor"", ""build"", ""docs"", ""test"", ""ci"", ""feat"", ""fix""]","[""fix"", ""build"", ""docs"", ""refactor""]",1.2837049961090088,"['933ab6bb86372913c992567cf9660009900911a7', '5b81fde8a72cf2e69a10e9f5c4f0bea0a2b8c3e0', 'c2ee5cd5e709afd15c5565ee009a0d204403a119', '3cca5c314ad6feeffbfe1f14cf49ebd0fd9a95a2']",0.5714285714285714,1.0,0.7272727272727273,False,0.4285714285714285,4096,True,4
"[""refactor"", ""feat"", ""docs"", ""test"", ""ci""]","[""fix"", ""feat"", ""docs"", ""ci""]",0.9785716533660888,"['933ab6bb86372913c992567cf9660009900911a7', 'dc5238b2bda98a7c4f2fe9584fc3b0191a408109', '036a0ff49a7dade0e04c9c07071a1ff49133ee24', 'e7a67d88173566be3cd3aed7e9eeb7e29aabbc57']",0.6,0.75,0.6666666666666665,False,0.4285714285714285,4096,True,4
"[""fix"", ""feat"", ""refactor"", ""docs"", ""test"", ""ci"", ""build""]","[""docs"", ""fix"", ""feat"", ""refactor""]",1.098576545715332,"['af880ac5b4fecbc6c4f3d1eee0d95f326e8bd9d1', 'c8e0ae8612df3d6f2831acc004aaac332f6105e4', 'f9a094918b62534614c47aa8a13f33aec751a1e0', '47ef9104e4a89e80d7cc6c1950bc080841da4a7b']",0.5714285714285714,1.0,0.7272727272727273,False,0.4285714285714285,4096,True,4
"[""feat"", ""refactor"", ""ci"", ""build""]","[""fix"", ""build"", ""feat"", ""ci""]",1.1254339218139648,"['d129eaf9125a967ac86c6c7276bbae6b4d50af36', '1269431c8a3e7549f10fcbbb4b88ff625c8898b3', 'e137f9fdbdb6bf3f85c3f7ac9323785e445844c8', '173553c0372e66e03bdab19e0e6c2dd44daa14a0']",0.75,0.75,0.75,False,0.2857142857142857,4096,True,4
"[""feat"", ""fix"", ""refactor"", ""build""]","[""feat"", ""refactor"", ""test"", ""build""]",0.8354141712188721,"['dc5238b2bda98a7c4f2fe9584fc3b0191a408109', '771857b1df9470ebc15357e8879118a72c649d5b', 'b7ce2894fd1794064bd6db4ed730bb6cb7728739', 'c323d59c607cabc91f17a78528d998f376f30b10']",0.75,0.75,0.75,False,0.2857142857142857,4096,True,4
"[""build"", ""test"", ""fix"", ""refactor"", ""ci""]","[""build"", ""test"", ""ci"", ""fix""]",0.9907436370849608,"['5b81fde8a72cf2e69a10e9f5c4f0bea0a2b8c3e0', 'b7ce2894fd1794064bd6db4ed730bb6cb7728739', '74e9de5ec97dc013a52aa063dff0f40ac74c407b', 'd129eaf9125a967ac86c6c7276bbae6b4d50af36']",0.8,1.0,0.888888888888889,False,0.1428571428571428,4096,True,4
"[""feat"", ""fix"", ""refactor"", ""build"", ""ci"", ""test""]","[""docs"", ""feat"", ""build"", ""ci""]",1.3135428428649902,"['af880ac5b4fecbc6c4f3d1eee0d95f326e8bd9d1', 'ded26d768ff432ad3bde3c0aa1e95ce50726100a', '454003841aabeb74396d73541378bfa59c75b5db', '4cbbd2552ba0de273e1dfe7d453c5b3efed751a3']",0.5,0.75,0.6,False,0.5714285714285714,4096,True,4
"[""docs"", ""feat"", ""build"", ""ci"", ""test""]","[""docs"", ""refactor"", ""ci"", ""build""]",1.016312599182129,"['036a0ff49a7dade0e04c9c07071a1ff49133ee24', '535708ae50aecb452560a23356fd396f99ef13a2', 'e7a67d88173566be3cd3aed7e9eeb7e29aabbc57', 'c55591ba157298a9c5816693c102a89dfd058830']",0.6,0.75,0.6666666666666665,False,0.4285714285714285,4096,True,4
"[""feat"", ""build"", ""refactor"", ""docs""]","[""refactor"", ""ci"", ""fix"", ""docs""]",0.8657398223876953,"['2954a0955ce9af6acb345ed1e8328e145ad30475', '6c9cb638cb4d1ecc42632fcf389c24898c5b3244', 'd1d55e787b7d07f763852602b9939a5394607fd9', '6d405dfc1675dcad64a2dfac0c0cb0fb28381d21']",0.5,0.5,0.5,False,0.5714285714285714,4096,True,4
"[""test"", ""ci"", ""docs"", ""feat""]","[""test"", ""ci"", ""docs"", ""feat""]",0.9210689067840576,"['229b53a632ea97d47c4be11f096bdd828fb415d8', '4cbbd2552ba0de273e1dfe7d453c5b3efed751a3', 'bf83c9155e9bee6925aa7102fab53fb803d52533', 'ded26d768ff432ad3bde3c0aa1e95ce50726100a']",1.0,1.0,1.0,True,0.0,4096,True,4
"[""feat"", ""fix"", ""refactor"", ""test"", ""ci"", ""build""]","[""refactor"", ""fix"", ""test"", ""feat""]",1.1819167137145996,"['47ef9104e4a89e80d7cc6c1950bc080841da4a7b', '9ef5c0d14193a9abb09b39856f58477d1f4b0d77', 'b7ce2894fd1794064bd6db4ed730bb6cb7728739', '1bcf88670b50155b50071e707f98f30cea0b7a24']",0.6666666666666666,1.0,0.8,False,0.2857142857142857,4096,True,4
"[""feat"", ""refactor"", ""ci"", ""build"", ""test"", ""docs""]","[""docs"", ""feat"", ""ci"", ""refactor""]",1.2769572734832764,"['e12d9e77a6fd531a22325337838a841b1c67f00d', 'fd8e563cc19ca4684885d4692acee6bebcca4ada', '173553c0372e66e03bdab19e0e6c2dd44daa14a0', '535708ae50aecb452560a23356fd396f99ef13a2']",0.6666666666666666,1.0,0.8,False,0.2857142857142857,4096,True,4
"[""refactor"", ""ci"", ""test""]","[""refactor"", ""feat"", ""docs"", ""ci""]",0.9649155139923096,"['1db13ec43727aca872a0f3836e4023ed85db665e', 'b282e90e2cbb74559aab79eee8443a4d7c85502a', 'e12d9e77a6fd531a22325337838a841b1c67f00d', '74e9de5ec97dc013a52aa063dff0f40ac74c407b']",0.6666666666666666,0.5,0.5714285714285715,False,0.4285714285714285,4096,True,4
"[""docs"", ""ci"", ""build"", ""test"", ""refactor""]","[""docs"", ""ci"", ""refactor"", ""test""]",1.1282925605773926,"['aca23027da1295c78fdf42ba9687d8ccc88784d7', '74e9de5ec97dc013a52aa063dff0f40ac74c407b', '2954a0955ce9af6acb345ed1e8328e145ad30475', 'f411e58cd510f8a2b980b2f1932003a0c0e9f8f3']",0.8,1.0,0.888888888888889,False,0.1428571428571428,4096,True,4
"[""test"", ""ci"", ""fix"", ""refactor""]","[""test"", ""docs"", ""ci"", ""fix""]",0.8454124927520752,"['b7ce2894fd1794064bd6db4ed730bb6cb7728739', 'af880ac5b4fecbc6c4f3d1eee0d95f326e8bd9d1', '6c9cb638cb4d1ecc42632fcf389c24898c5b3244', 'd129eaf9125a967ac86c6c7276bbae6b4d50af36']",0.75,0.75,0.75,False,0.2857142857142857,4096,True,4
"[""ci"", ""test"", ""docs"", ""refactor"", ""feat""]","[""ci"", ""refactor"", ""test"", ""docs""]",1.1702744960784912,"['e7a67d88173566be3cd3aed7e9eeb7e29aabbc57', '36556bf8e0bce4ab6d26eafacbdad04d9614a5d7', '8ee0611fbf0cd89abe7ae588f22e6ecb843598ea', 'c2ee5cd5e709afd15c5565ee009a0d204403a119']",0.8,1.0,0.888888888888889,False,0.1428571428571428,4096,True,4
"[""feat"", ""fix"", ""docs"", ""test"", ""ci"", ""build""]","[""docs"", ""feat"", ""test"", ""build""]",1.2388160228729248,"['0cfc5633d37ea06f645649138323f1820e18bdee', 'fd8e563cc19ca4684885d4692acee6bebcca4ada', 'e9617f0854030e70365eb264bcb3b58078e79e9e', '1269431c8a3e7549f10fcbbb4b88ff625c8898b3']",0.6666666666666666,1.0,0.8,False,0.2857142857142857,4096,True,4
"[""refactor"", ""test"", ""ci"", ""build"", ""feat"", ""fix"", ""docs""]","[""refactor"", ""feat"", ""test"", ""fix""]",1.3235127925872805,"['47ef9104e4a89e80d7cc6c1950bc080841da4a7b', 'b282e90e2cbb74559aab79eee8443a4d7c85502a', 'e0198f74b81da3663144cfe1d971939319f82a0f', 'bed78248c941d57ad4cc20a455147e186e97c7a1']",0.5714285714285714,1.0,0.7272727272727273,False,0.4285714285714285,4096,True,4
"[""build"", ""ci"", ""docs"", ""feat"", ""refactor"", ""test""]","[""build"", ""ci"", ""fix"", ""refactor""]",1.4076776504516602,"['454003841aabeb74396d73541378bfa59c75b5db', '173553c0372e66e03bdab19e0e6c2dd44daa14a0', 'd129eaf9125a967ac86c6c7276bbae6b4d50af36', '63eab619e6166eb6cab948028a7b89bf059dd878']",0.5,0.75,0.6,False,0.5714285714285714,4096,True,4
"[""feat"", ""test"", ""docs"", ""ci"", ""build"", ""refactor"", ""fix""]","[""test"", ""refactor"", ""docs"", ""feat""]",1.437511682510376,"['e9617f0854030e70365eb264bcb3b58078e79e9e', '2954a0955ce9af6acb345ed1e8328e145ad30475', 'c2ee5cd5e709afd15c5565ee009a0d204403a119', '6ed56ce9ae743ba9a87e6c9643cc06b1de7b748d']",0.5714285714285714,1.0,0.7272727272727273,False,0.4285714285714285,4096,True,4
"[""build"", ""ci"", ""refactor"", ""test""]","[""build"", ""refactor"", ""fix"", ""ci""]",0.9667251110076904,"['454003841aabeb74396d73541378bfa59c75b5db', 'a62314d9bb632be6af026686615d14b912250512', '06e2be4e2019b6fa714e1fcb34485860ef1ede79', '4cbbd2552ba0de273e1dfe7d453c5b3efed751a3']",0.75,0.75,0.75,False,0.2857142857142857,4096,True,4
"[""feat"", ""fix"", ""refactor"", ""docs"", ""test"", ""ci"", ""build""]","[""feat"", ""test"", ""refactor"", ""ci""]",1.2788417339324951,"['b282e90e2cbb74559aab79eee8443a4d7c85502a', 'e2e8ad25854bd1e7cdbc7f50b50bbd99e04ad47d', '63eab619e6166eb6cab948028a7b89bf059dd878', '6c9cb638cb4d1ecc42632fcf389c24898c5b3244']",0.5714285714285714,1.0,0.7272727272727273,False,0.4285714285714285,4096,True,4
"[""fix"", ""refactor"", ""ci"", ""test"", ""docs"", ""build""]","[""docs"", ""fix"", ""test"", ""refactor""]",1.1624903678894043,"['0cfc5633d37ea06f645649138323f1820e18bdee', 'd1d55e787b7d07f763852602b9939a5394607fd9', 'e2e8ad25854bd1e7cdbc7f50b50bbd99e04ad47d', '062daa45cbd5dba6e96e95d8cdcaee89ae30a83c']",0.6666666666666666,1.0,0.8,False,0.2857142857142857,4096,True,4
"[""fix"", ""refactor"", ""ci"", ""build""]","[""refactor"", ""fix"", ""docs"", ""ci""]",0.8908200263977051,"['47ef9104e4a89e80d7cc6c1950bc080841da4a7b', 'd129eaf9125a967ac86c6c7276bbae6b4d50af36', '0cfc5633d37ea06f645649138323f1820e18bdee', '45837af24a33308a70a3454f0f650f9fe728e272']",0.75,0.75,0.75,False,0.2857142857142857,4096,True,4
"[""fix"", ""refactor"", ""build"", ""test"", ""ci"", ""docs""]","[""fix"", ""build"", ""ci"", ""test""]",1.3444511890411377,"['bed78248c941d57ad4cc20a455147e186e97c7a1', '1269431c8a3e7549f10fcbbb4b88ff625c8898b3', '45837af24a33308a70a3454f0f650f9fe728e272', '8ee0611fbf0cd89abe7ae588f22e6ecb843598ea']",0.6666666666666666,1.0,0.8,False,0.2857142857142857,4096,True,4
"[""build"", ""ci"", ""docs"", ""refactor"", ""test""]","[""build"", ""fix"", ""ci"", ""docs""]",1.2441456317901611,"['454003841aabeb74396d73541378bfa59c75b5db', 'bed78248c941d57ad4cc20a455147e186e97c7a1', '45837af24a33308a70a3454f0f650f9fe728e272', 'c2ee5cd5e709afd15c5565ee009a0d204403a119']",0.6,0.75,0.6666666666666665,False,0.4285714285714285,4096,True,4
"[""ci"", ""refactor"", ""docs"", ""feat""]","[""ci"", ""refactor"", ""fix"", ""docs""]",0.9678220748901368,"['dbb537a26e388a8d7d17faf131abc30c2f7a84e6', '3cca5c314ad6feeffbfe1f14cf49ebd0fd9a95a2', 'd1d55e787b7d07f763852602b9939a5394607fd9', '6d405dfc1675dcad64a2dfac0c0cb0fb28381d21']",0.75,0.75,0.75,False,0.2857142857142857,4096,True,4
"[""feat"", ""fix"", ""refactor"", ""docs"", ""test"", ""ci"", ""build""]","[""fix"", ""ci"", ""docs"", ""refactor""]",1.2987465858459473,"['2561f4ade46fc9d59f289f328cc77733a6443697', '6c9cb638cb4d1ecc42632fcf389c24898c5b3244', 'bf83c9155e9bee6925aa7102fab53fb803d52533', '771857b1df9470ebc15357e8879118a72c649d5b']",0.5714285714285714,1.0,0.7272727272727273,False,0.4285714285714285,4096,True,4
"[""feat"", ""refactor"", ""test"", ""ci"", ""build"", ""docs""]","[""fix"", ""feat"", ""build"", ""docs""]",1.1485710144042969,"['06e2be4e2019b6fa714e1fcb34485860ef1ede79', 'fd8e563cc19ca4684885d4692acee6bebcca4ada', '32b92cfa0b74a6c25990e32ac6aab12b8496794c', '6d405dfc1675dcad64a2dfac0c0cb0fb28381d21']",0.5,0.75,0.6,False,0.5714285714285714,4096,True,4
"[""feat"", ""build"", ""test"", ""ci"", ""refactor""]","[""build"", ""ci"", ""test"", ""feat""]",1.0521557331085205,"['c55591ba157298a9c5816693c102a89dfd058830', '45837af24a33308a70a3454f0f650f9fe728e272', 'b7ce2894fd1794064bd6db4ed730bb6cb7728739', 'dc5238b2bda98a7c4f2fe9584fc3b0191a408109']",0.8,1.0,0.888888888888889,False,0.1428571428571428,4096,True,4
"[""ci"", ""feat"", ""refactor"", ""test""]","[""ci"", ""docs"", ""feat"", ""test""]",1.0090794563293457,"['173553c0372e66e03bdab19e0e6c2dd44daa14a0', 'e12d9e77a6fd531a22325337838a841b1c67f00d', 'f823cf28652987d43c8324b4f5b203240032383a', '229b53a632ea97d47c4be11f096bdd828fb415d8']",0.75,0.75,0.75,False,0.2857142857142857,4096,True,4
"[""refactor"", ""docs"", ""ci"", ""test""]","[""refactor"", ""docs"", ""ci"", ""test""]",0.8624162673950195,"['36556bf8e0bce4ab6d26eafacbdad04d9614a5d7', 'aca23027da1295c78fdf42ba9687d8ccc88784d7', 'dbb537a26e388a8d7d17faf131abc30c2f7a84e6', '229b53a632ea97d47c4be11f096bdd828fb415d8']",1.0,1.0,1.0,True,0.0,4096,True,4
"[""fix"", ""refactor"", ""test"", ""ci"", ""build""]","[""docs"", ""refactor"", ""test"", ""fix""]",1.0822930335998535,"['0cfc5633d37ea06f645649138323f1820e18bdee', '1db13ec43727aca872a0f3836e4023ed85db665e', '229b53a632ea97d47c4be11f096bdd828fb415d8', '9be725fa3906323d4bc9788f54eccf74109d632b']",0.6,0.75,0.6666666666666665,False,0.4285714285714285,4096,True,4
"[""feat"", ""fix"", ""refactor"", ""docs"", ""test"", ""ci"", ""build""]","[""ci"", ""docs"", ""refactor"", ""test""]",1.4065518379211426,"['c5fa7b80438fbd74f4c341f0d3c9bd9e0f4910da', 'bf83c9155e9bee6925aa7102fab53fb803d52533', '062daa45cbd5dba6e96e95d8cdcaee89ae30a83c', 'bedc7950b24c37809e36a585b7985d5aa5e3e458']",0.5714285714285714,1.0,0.7272727272727273,False,0.4285714285714285,4096,True,4
"[""fix"", ""refactor"", ""ci"", ""feat""]","[""fix"", ""docs"", ""ci"", ""feat""]",0.954545259475708,"['9be725fa3906323d4bc9788f54eccf74109d632b', '036a0ff49a7dade0e04c9c07071a1ff49133ee24', '45837af24a33308a70a3454f0f650f9fe728e272', 'f823cf28652987d43c8324b4f5b203240032383a']",0.75,0.75,0.75,False,0.2857142857142857,4096,True,4
"[""fix"", ""feat"", ""docs"", ""test"", ""build"", ""ci"", ""refactor""]","[""docs"", ""test"", ""build"", ""feat""]",1.3737552165985107,"['bf83c9155e9bee6925aa7102fab53fb803d52533', 'e0198f74b81da3663144cfe1d971939319f82a0f', 'f00a4d3e307b89842250358ee432e6800bb24362', 'ded26d768ff432ad3bde3c0aa1e95ce50726100a']",0.5714285714285714,1.0,0.7272727272727273,False,0.4285714285714285,4096,True,4
"[""docs"", ""refactor"", ""test"", ""build""]","[""docs"", ""refactor"", ""test"", ""fix""]",1.073188304901123,"['aca23027da1295c78fdf42ba9687d8ccc88784d7', '1db13ec43727aca872a0f3836e4023ed85db665e', 'f411e58cd510f8a2b980b2f1932003a0c0e9f8f3', '2561f4ade46fc9d59f289f328cc77733a6443697']",0.75,0.75,0.75,False,0.2857142857142857,4096,True,4
"[""test"", ""feat"", ""docs"", ""build""]","[""test"", ""feat"", ""docs"", ""ci""]",0.989654302597046,"['e0198f74b81da3663144cfe1d971939319f82a0f', 'f823cf28652987d43c8324b4f5b203240032383a', 'aca23027da1295c78fdf42ba9687d8ccc88784d7', 'e96487ad7ce90b141219d9032fa2bed68d5dae6a']",0.75,0.75,0.75,False,0.2857142857142857,4096,True,4
"[""feat"", ""build"", ""refactor""]","[""refactor"", ""build"", ""feat"", ""docs""]",0.9181737899780272,"['63eab619e6166eb6cab948028a7b89bf059dd878', '32b92cfa0b74a6c25990e32ac6aab12b8496794c', 'fd8e563cc19ca4684885d4692acee6bebcca4ada', 'a52a585d74894b3b4eeb8c784fa089ff95cddad0']",1.0,0.75,0.8571428571428571,False,0.1428571428571428,4096,True,4
"[""build"", ""ci"", ""docs"", ""feat"", ""fix"", ""refactor"", ""test""]","[""build"", ""fix"", ""test"", ""feat""]",1.2745518684387207,"['37b1cbfd3d2c462ef4f2a131e4172c38dc8d9ddf', 'c8e0ae8612df3d6f2831acc004aaac332f6105e4', 'c7b25726df94a2530c9b1c0d2b6a0acaa103822f', '1bcf88670b50155b50071e707f98f30cea0b7a24']",0.5714285714285714,1.0,0.7272727272727273,False,0.4285714285714285,4096,True,4
"[""feat"", ""docs"", ""test"", ""ci"", ""build"", ""refactor"", ""fix""]","[""refactor"", ""ci"", ""docs"", ""build""]",1.4521763324737549,"['771857b1df9470ebc15357e8879118a72c649d5b', '6c9cb638cb4d1ecc42632fcf389c24898c5b3244', '6d405dfc1675dcad64a2dfac0c0cb0fb28381d21', '454003841aabeb74396d73541378bfa59c75b5db']",0.5714285714285714,1.0,0.7272727272727273,False,0.4285714285714285,4096,True,4
"[""fix"", ""docs"", ""feat"", ""ci"", ""test""]","[""fix"", ""docs"", ""refactor"", ""ci"", ""test""]",1.021552562713623,"['9be725fa3906323d4bc9788f54eccf74109d632b', 'bf83c9155e9bee6925aa7102fab53fb803d52533', '535708ae50aecb452560a23356fd396f99ef13a2', '4cbbd2552ba0de273e1dfe7d453c5b3efed751a3', 'bedc7950b24c37809e36a585b7985d5aa5e3e458']",0.8,0.8,0.8000000000000002,False,0.2857142857142857,4096,True,5
"[""test"", ""docs"", ""refactor"", ""build"", ""ci"", ""feat"", ""fix""]","[""test"", ""docs"", ""refactor"", ""build"", ""feat""]",1.4671258926391602,"['229b53a632ea97d47c4be11f096bdd828fb415d8', 'bf83c9155e9bee6925aa7102fab53fb803d52533', '062daa45cbd5dba6e96e95d8cdcaee89ae30a83c', 'e4a11fd5c34942ba12737f1c8c084489428ee274', 'fd8e563cc19ca4684885d4692acee6bebcca4ada']",0.7142857142857143,1.0,0.8333333333333333,False,0.2857142857142857,4096,True,5
"[""test"", ""ci"", ""refactor"", ""docs"", ""build""]","[""test"", ""ci"", ""fix"", ""build"", ""refactor""]",1.2615442276000977,"['317f4eefecddfb1392ca71d551840f446feee302', 'e7a67d88173566be3cd3aed7e9eeb7e29aabbc57', 'd1d55e787b7d07f763852602b9939a5394607fd9', 'f00a4d3e307b89842250358ee432e6800bb24362', '771857b1df9470ebc15357e8879118a72c649d5b']",0.8,0.8,0.8000000000000002,False,0.2857142857142857,4096,True,5
"[""ci"", ""test"", ""refactor"", ""fix"", ""feat""]","[""ci"", ""refactor"", ""build"", ""test"", ""fix""]",1.113539695739746,"['e7a67d88173566be3cd3aed7e9eeb7e29aabbc57', '47ef9104e4a89e80d7cc6c1950bc080841da4a7b', '5b81fde8a72cf2e69a10e9f5c4f0bea0a2b8c3e0', 'bedc7950b24c37809e36a585b7985d5aa5e3e458', '9ef5c0d14193a9abb09b39856f58477d1f4b0d77']",0.8,0.8,0.8000000000000002,False,0.2857142857142857,4096,True,5
"[""refactor"", ""docs""]","[""build"", ""fix"", ""feat"", ""refactor"", ""docs""]",0.8022198677062988,"['e4a11fd5c34942ba12737f1c8c084489428ee274', '9ef5c0d14193a9abb09b39856f58477d1f4b0d77', 'dc5238b2bda98a7c4f2fe9584fc3b0191a408109', '771857b1df9470ebc15357e8879118a72c649d5b', 'c2ee5cd5e709afd15c5565ee009a0d204403a119']",1.0,0.4,0.5714285714285715,False,0.4285714285714285,4096,True,5
"[""docs"", ""test"", ""build"", ""refactor"", ""feat""]","[""docs"", ""test"", ""build"", ""fix"", ""feat""]",1.0768017768859863,"['bf83c9155e9bee6925aa7102fab53fb803d52533', '229b53a632ea97d47c4be11f096bdd828fb415d8', 'c55591ba157298a9c5816693c102a89dfd058830', '06e2be4e2019b6fa714e1fcb34485860ef1ede79', 'f823cf28652987d43c8324b4f5b203240032383a']",0.8,0.8,0.8000000000000002,False,0.2857142857142857,4096,True,5
"[""ci"", ""build"", ""test"", ""refactor""]","[""ci"", ""build"", ""fix"", ""test"", ""feat""]",1.080369234085083,"['e7a67d88173566be3cd3aed7e9eeb7e29aabbc57', 'c55591ba157298a9c5816693c102a89dfd058830', 'd129eaf9125a967ac86c6c7276bbae6b4d50af36', '229b53a632ea97d47c4be11f096bdd828fb415d8', '1bcf88670b50155b50071e707f98f30cea0b7a24']",0.75,0.6,0.6666666666666665,False,0.4285714285714285,4096,True,5
"[""feat"", ""fix"", ""refactor"", ""test"", ""ci"", ""build""]","[""fix"", ""test"", ""build"", ""ci"", ""refactor""]",1.224496364593506,"['2561f4ade46fc9d59f289f328cc77733a6443697', 'b7ce2894fd1794064bd6db4ed730bb6cb7728739', '1269431c8a3e7549f10fcbbb4b88ff625c8898b3', 'e96487ad7ce90b141219d9032fa2bed68d5dae6a', '36556bf8e0bce4ab6d26eafacbdad04d9614a5d7']",0.8333333333333334,1.0,0.9090909090909092,False,0.1428571428571428,4096,True,5
"[""fix"", ""refactor"", ""ci"", ""docs"", ""test"", ""build""]","[""docs"", ""ci"", ""refactor"", ""test"", ""fix""]",1.1775944232940674,"['bf83c9155e9bee6925aa7102fab53fb803d52533', 'e7a67d88173566be3cd3aed7e9eeb7e29aabbc57', '535708ae50aecb452560a23356fd396f99ef13a2', 'c7b25726df94a2530c9b1c0d2b6a0acaa103822f', '06e2be4e2019b6fa714e1fcb34485860ef1ede79']",0.8333333333333334,1.0,0.9090909090909092,False,0.1428571428571428,4096,True,5
"[""refactor"", ""docs"", ""build"", ""ci"", ""test""]","[""refactor"", ""docs"", ""build"", ""feat"", ""fix""]",1.0788285732269287,"['36556bf8e0bce4ab6d26eafacbdad04d9614a5d7', 'c2ee5cd5e709afd15c5565ee009a0d204403a119', 'c55591ba157298a9c5816693c102a89dfd058830', '68278b00450f2679761a2999500f6d87a579376b', '9ef5c0d14193a9abb09b39856f58477d1f4b0d77']",0.6,0.6,0.6,False,0.5714285714285714,4096,True,5
"[""feat"", ""build"", ""refactor"", ""ci"", ""test""]","[""feat"", ""build"", ""fix"", ""ci"", ""test""]",1.3180551528930664,"['ded26d768ff432ad3bde3c0aa1e95ce50726100a', 'c323d59c607cabc91f17a78528d998f376f30b10', '2561f4ade46fc9d59f289f328cc77733a6443697', '45837af24a33308a70a3454f0f650f9fe728e272', 'e0198f74b81da3663144cfe1d971939319f82a0f']",0.8,0.8,0.8000000000000002,False,0.2857142857142857,4096,True,5
"[""ci"", ""docs"", ""feat"", ""refactor"", ""test""]","[""ci"", ""refactor"", ""test"", ""feat"", ""fix""]",1.0940284729003906,"['e96487ad7ce90b141219d9032fa2bed68d5dae6a', 'a62314d9bb632be6af026686615d14b912250512', 'c7b25726df94a2530c9b1c0d2b6a0acaa103822f', '6ed56ce9ae743ba9a87e6c9643cc06b1de7b748d', '9ef5c0d14193a9abb09b39856f58477d1f4b0d77']",0.8,0.8,0.8000000000000002,False,0.2857142857142857,4096,True,5
"[""build"", ""feat"", ""refactor"", ""ci"", ""docs"", ""test""]","[""build"", ""refactor"", ""ci"", ""docs"", ""fix""]",1.2618212699890137,"['c55591ba157298a9c5816693c102a89dfd058830', '63eab619e6166eb6cab948028a7b89bf059dd878', 'c5fa7b80438fbd74f4c341f0d3c9bd9e0f4910da', '036a0ff49a7dade0e04c9c07071a1ff49133ee24', '9be725fa3906323d4bc9788f54eccf74109d632b']",0.6666666666666666,0.8,0.7272727272727272,False,0.4285714285714285,4096,True,5
"[""fix"", ""feat"", ""docs"", ""ci"", ""build"", ""refactor""]","[""docs"", ""ci"", ""refactor"", ""build"", ""feat""]",1.3307759761810305,"['bf83c9155e9bee6925aa7102fab53fb803d52533', '173553c0372e66e03bdab19e0e6c2dd44daa14a0', '535708ae50aecb452560a23356fd396f99ef13a2', '1269431c8a3e7549f10fcbbb4b88ff625c8898b3', 'f823cf28652987d43c8324b4f5b203240032383a']",0.8333333333333334,1.0,0.9090909090909092,False,0.1428571428571428,4096,True,5
"[""test"", ""feat"", ""refactor"", ""ci"", ""build"", ""docs""]","[""test"", ""feat"", ""refactor"", ""fix"", ""docs""]",1.353799819946289,"['bedc7950b24c37809e36a585b7985d5aa5e3e458', 'fd8e563cc19ca4684885d4692acee6bebcca4ada', '062daa45cbd5dba6e96e95d8cdcaee89ae30a83c', 'c8e0ae8612df3d6f2831acc004aaac332f6105e4', '036a0ff49a7dade0e04c9c07071a1ff49133ee24']",0.6666666666666666,0.8,0.7272727272727272,False,0.4285714285714285,4096,True,5
"[""docs"", ""ci"", ""test"", ""build"", ""feat""]","[""docs"", ""build"", ""ci"", ""fix"", ""test""]",1.2326362133026123,"['c2ee5cd5e709afd15c5565ee009a0d204403a119', '1269431c8a3e7549f10fcbbb4b88ff625c8898b3', 'e7a67d88173566be3cd3aed7e9eeb7e29aabbc57', 'bed78248c941d57ad4cc20a455147e186e97c7a1', 'e9617f0854030e70365eb264bcb3b58078e79e9e']",0.8,0.8,0.8000000000000002,False,0.2857142857142857,4096,True,5
"[""refactor"", ""ci"", ""docs"", ""test"", ""build""]","[""refactor"", ""ci"", ""docs"", ""test"", ""build""]",1.0895521640777588,"['3cca5c314ad6feeffbfe1f14cf49ebd0fd9a95a2', 'dbb537a26e388a8d7d17faf131abc30c2f7a84e6', 'e12d9e77a6fd531a22325337838a841b1c67f00d', 'c7b25726df94a2530c9b1c0d2b6a0acaa103822f', '37b1cbfd3d2c462ef4f2a131e4172c38dc8d9ddf']",1.0,1.0,1.0,True,0.0,4096,True,5
"[""test"", ""refactor"", ""ci"", ""build""]","[""test"", ""feat"", ""ci"", ""refactor"", ""fix""]",1.0433602333068848,"['229b53a632ea97d47c4be11f096bdd828fb415d8', 'b282e90e2cbb74559aab79eee8443a4d7c85502a', 'dbb537a26e388a8d7d17faf131abc30c2f7a84e6', '3cca5c314ad6feeffbfe1f14cf49ebd0fd9a95a2', '933ab6bb86372913c992567cf9660009900911a7']",0.75,0.6,0.6666666666666665,False,0.4285714285714285,4096,True,5
"[""build"", ""ci"", ""refactor"", ""test""]","[""build"", ""fix"", ""ci"", ""refactor"", ""docs""]",1.1268978118896484,"['37b1cbfd3d2c462ef4f2a131e4172c38dc8d9ddf', '06e2be4e2019b6fa714e1fcb34485860ef1ede79', 'c5fa7b80438fbd74f4c341f0d3c9bd9e0f4910da', '1db13ec43727aca872a0f3836e4023ed85db665e', 'a52a585d74894b3b4eeb8c784fa089ff95cddad0']",0.75,0.6,0.6666666666666665,False,0.4285714285714285,4096,True,5
"[""feat"", ""fix"", ""refactor"", ""test"", ""ci"", ""build"", ""docs""]","[""build"", ""docs"", ""ci"", ""test"", ""feat""]",1.4102566242218018,"['c44cf88a6ec54e5ddd99d8348bcc57b301ec7945', '6d405dfc1675dcad64a2dfac0c0cb0fb28381d21', 'e7a67d88173566be3cd3aed7e9eeb7e29aabbc57', 'f411e58cd510f8a2b980b2f1932003a0c0e9f8f3', 'f823cf28652987d43c8324b4f5b203240032383a']",0.7142857142857143,1.0,0.8333333333333333,False,0.2857142857142857,4096,True,5
"[""feat"", ""refactor"", ""test"", ""ci"", ""build""]","[""feat"", ""fix"", ""refactor"", ""build"", ""test""]",1.0719096660614014,"['f823cf28652987d43c8324b4f5b203240032383a', 'c8e0ae8612df3d6f2831acc004aaac332f6105e4', '47ef9104e4a89e80d7cc6c1950bc080841da4a7b', 'e4a11fd5c34942ba12737f1c8c084489428ee274', 'c7b25726df94a2530c9b1c0d2b6a0acaa103822f']",0.8,0.8,0.8000000000000002,False,0.2857142857142857,4096,True,5
"[""refactor"", ""build"", ""ci"", ""docs""]","[""refactor"", ""build"", ""ci"", ""docs"", ""test""]",0.969719171524048,"['1db13ec43727aca872a0f3836e4023ed85db665e', '32b92cfa0b74a6c25990e32ac6aab12b8496794c', 'e96487ad7ce90b141219d9032fa2bed68d5dae6a', '6d405dfc1675dcad64a2dfac0c0cb0fb28381d21', 'e2e8ad25854bd1e7cdbc7f50b50bbd99e04ad47d']",1.0,0.8,0.888888888888889,False,0.1428571428571428,4096,True,5
"[""build"", ""ci"", ""refactor"", ""test""]","[""build"", ""test"", ""refactor"", ""ci"", ""fix""]",1.1152231693267822,"['37b1cbfd3d2c462ef4f2a131e4172c38dc8d9ddf', 'f411e58cd510f8a2b980b2f1932003a0c0e9f8f3', '1db13ec43727aca872a0f3836e4023ed85db665e', 'c5fa7b80438fbd74f4c341f0d3c9bd9e0f4910da', 'd129eaf9125a967ac86c6c7276bbae6b4d50af36']",1.0,0.8,0.888888888888889,False,0.1428571428571428,4096,True,5
"[""build"", ""ci"", ""docs"", ""fix"", ""refactor""]","[""build"", ""docs"", ""ci"", ""test"", ""fix""]",1.032811164855957,"['c55591ba157298a9c5816693c102a89dfd058830', 'a52a585d74894b3b4eeb8c784fa089ff95cddad0', '6c9cb638cb4d1ecc42632fcf389c24898c5b3244', 'c7b25726df94a2530c9b1c0d2b6a0acaa103822f', 'bed78248c941d57ad4cc20a455147e186e97c7a1']",0.8,0.8,0.8000000000000002,False,0.2857142857142857,4096,True,5
"[""feat"", ""refactor"", ""ci"", ""build"", ""test"", ""docs""]","[""fix"", ""ci"", ""feat"", ""build"", ""refactor""]",1.3518011569976809,"['9ef5c0d14193a9abb09b39856f58477d1f4b0d77', 'dbb537a26e388a8d7d17faf131abc30c2f7a84e6', '6ed56ce9ae743ba9a87e6c9643cc06b1de7b748d', 'e4a11fd5c34942ba12737f1c8c084489428ee274', '1db13ec43727aca872a0f3836e4023ed85db665e']",0.6666666666666666,0.8,0.7272727272727272,False,0.4285714285714285,4096,True,5
"[""fix"", ""refactor"", ""feat"", ""build"", ""ci""]","[""fix"", ""build"", ""refactor"", ""feat"", ""test""]",1.2588889598846436,"['bed78248c941d57ad4cc20a455147e186e97c7a1', 'e4a11fd5c34942ba12737f1c8c084489428ee274', '062daa45cbd5dba6e96e95d8cdcaee89ae30a83c', 'f823cf28652987d43c8324b4f5b203240032383a', 'c7b25726df94a2530c9b1c0d2b6a0acaa103822f']",0.8,0.8,0.8000000000000002,False,0.2857142857142857,4096,True,5
"[""feat"", ""fix"", ""refactor"", ""docs"", ""test"", ""ci"", ""build""]","[""fix"", ""test"", ""feat"", ""docs"", ""build""]",1.3426790237426758,"['87d5d4e55ab7149b593d29410f1fe426ba2447d4', 'bedc7950b24c37809e36a585b7985d5aa5e3e458', 'ded26d768ff432ad3bde3c0aa1e95ce50726100a', 'a52a585d74894b3b4eeb8c784fa089ff95cddad0', 'c323d59c607cabc91f17a78528d998f376f30b10']",0.7142857142857143,1.0,0.8333333333333333,False,0.2857142857142857,4096,True,5
[],"[""test"", ""docs"", ""feat"", ""build"", ""fix""]",598.8263759613037,"['8ee0611fbf0cd89abe7ae588f22e6ecb843598ea', 'c2ee5cd5e709afd15c5565ee009a0d204403a119', 'fd8e563cc19ca4684885d4692acee6bebcca4ada', '1269431c8a3e7549f10fcbbb4b88ff625c8898b3', '06e2be4e2019b6fa714e1fcb34485860ef1ede79']",0.0,0.0,0.0,False,0.7142857142857143,4096,True,5
"[""feat"", ""ci"", ""test"", ""docs"", ""refactor""]","[""docs"", ""feat"", ""build"", ""refactor"", ""test""]",1.0783531665802002,"['a52a585d74894b3b4eeb8c784fa089ff95cddad0', 'f9a094918b62534614c47aa8a13f33aec751a1e0', '1269431c8a3e7549f10fcbbb4b88ff625c8898b3', '535708ae50aecb452560a23356fd396f99ef13a2', 'e0198f74b81da3663144cfe1d971939319f82a0f']",0.8,0.8,0.8000000000000002,False,0.2857142857142857,4096,True,5
"[""feat"", ""fix"", ""refactor"", ""test"", ""ci"", ""build""]","[""fix"", ""feat"", ""test"", ""refactor"", ""build""]",1.2132632732391355,"['d129eaf9125a967ac86c6c7276bbae6b4d50af36', '68278b00450f2679761a2999500f6d87a579376b', 'e2e8ad25854bd1e7cdbc7f50b50bbd99e04ad47d', '771857b1df9470ebc15357e8879118a72c649d5b', 'f00a4d3e307b89842250358ee432e6800bb24362']",0.8333333333333334,1.0,0.9090909090909092,False,0.1428571428571428,4096,True,5
"[""build"", ""ci"", ""docs"", ""feat"", ""fix"", ""refactor"", ""test""]","[""fix"", ""build"", ""refactor"", ""test"", ""docs""]",1.3170831203460691,"['933ab6bb86372913c992567cf9660009900911a7', '37b1cbfd3d2c462ef4f2a131e4172c38dc8d9ddf', '1db13ec43727aca872a0f3836e4023ed85db665e', 'c7b25726df94a2530c9b1c0d2b6a0acaa103822f', 'e12d9e77a6fd531a22325337838a841b1c67f00d']",0.7142857142857143,1.0,0.8333333333333333,False,0.2857142857142857,4096,True,5
"[""feat"", ""build"", ""docs"", ""refactor"", ""test""]","[""fix"", ""ci"", ""docs"", ""build"", ""feat""]",1.0840778350830078,"['06e2be4e2019b6fa714e1fcb34485860ef1ede79', '4cbbd2552ba0de273e1dfe7d453c5b3efed751a3', 'cb1f48b56ae0de93acb72e48726c7d610a1d538e', 'c323d59c607cabc91f17a78528d998f376f30b10', 'f9a094918b62534614c47aa8a13f33aec751a1e0']",0.6,0.6,0.6,False,0.5714285714285714,4096,True,5
"[""feat"", ""fix"", ""build"", ""docs"", ""test"", ""ci""]","[""feat"", ""build"", ""refactor"", ""docs"", ""fix""]",1.1925346851348877,"['fd8e563cc19ca4684885d4692acee6bebcca4ada', 'f00a4d3e307b89842250358ee432e6800bb24362', '535708ae50aecb452560a23356fd396f99ef13a2', 'e12d9e77a6fd531a22325337838a841b1c67f00d', '9be725fa3906323d4bc9788f54eccf74109d632b']",0.6666666666666666,0.8,0.7272727272727272,False,0.4285714285714285,4096,True,5
"[""feat"", ""fix"", ""refactor"", ""test"", ""docs"", ""ci"", ""build""]","[""test"", ""docs"", ""refactor"", ""ci"", ""feat""]",1.3804371356964111,"['229b53a632ea97d47c4be11f096bdd828fb415d8', 'bf83c9155e9bee6925aa7102fab53fb803d52533', '062daa45cbd5dba6e96e95d8cdcaee89ae30a83c', '32845e1bbd1efb5dbc16f671049509a409ba25ce', 'dc5238b2bda98a7c4f2fe9584fc3b0191a408109']",0.7142857142857143,1.0,0.8333333333333333,False,0.2857142857142857,4096,True,5
"[""build"", ""ci"", ""docs"", ""feat"", ""fix"", ""refactor"", ""test""]","[""build"", ""docs"", ""fix"", ""test"", ""refactor""]",1.432891607284546,"['454003841aabeb74396d73541378bfa59c75b5db', 'e12d9e77a6fd531a22325337838a841b1c67f00d', 'bed78248c941d57ad4cc20a455147e186e97c7a1', 'f411e58cd510f8a2b980b2f1932003a0c0e9f8f3', '062daa45cbd5dba6e96e95d8cdcaee89ae30a83c']",0.7142857142857143,1.0,0.8333333333333333,False,0.2857142857142857,4096,True,5
"[""build"", ""ci"", ""fix"", ""refactor"", ""test""]","[""build"", ""ci"", ""docs"", ""test"", ""refactor""]",1.1959726810455322,"['5b81fde8a72cf2e69a10e9f5c4f0bea0a2b8c3e0', '74e9de5ec97dc013a52aa063dff0f40ac74c407b', 'a52a585d74894b3b4eeb8c784fa089ff95cddad0', 'e0198f74b81da3663144cfe1d971939319f82a0f', '062daa45cbd5dba6e96e95d8cdcaee89ae30a83c']",0.8,0.8,0.8000000000000002,False,0.2857142857142857,4096,True,5
"[""feat"", ""docs"", ""build"", ""refactor"", ""fix""]","[""build"", ""ci"", ""docs"", ""refactor"", ""fix""]",1.035933494567871,"['32b92cfa0b74a6c25990e32ac6aab12b8496794c', '6c9cb638cb4d1ecc42632fcf389c24898c5b3244', 'aca23027da1295c78fdf42ba9687d8ccc88784d7', '47ef9104e4a89e80d7cc6c1950bc080841da4a7b', '2561f4ade46fc9d59f289f328cc77733a6443697']",0.8,0.8,0.8000000000000002,False,0.2857142857142857,4096,True,5
"[""feat"", ""fix"", ""refactor"", ""docs"", ""test"", ""ci"", ""build""]","[""test"", ""docs"", ""fix"", ""feat"", ""build""]",1.4227278232574463,"['e0198f74b81da3663144cfe1d971939319f82a0f', 'c2ee5cd5e709afd15c5565ee009a0d204403a119', '9ef5c0d14193a9abb09b39856f58477d1f4b0d77', 'f823cf28652987d43c8324b4f5b203240032383a', 'c44cf88a6ec54e5ddd99d8348bcc57b301ec7945']",0.7142857142857143,1.0,0.8333333333333333,False,0.2857142857142857,4096,True,5
"[""refactor"", ""ci"", ""test"", ""build"", ""feat""]","[""refactor"", ""ci"", ""test"", ""build"", ""feat""]",1.4882946014404297,"['3cca5c314ad6feeffbfe1f14cf49ebd0fd9a95a2', '32845e1bbd1efb5dbc16f671049509a409ba25ce', 'e9617f0854030e70365eb264bcb3b58078e79e9e', '454003841aabeb74396d73541378bfa59c75b5db', 'fd8e563cc19ca4684885d4692acee6bebcca4ada']",1.0,1.0,1.0,True,0.0,4096,True,5
"[""refactor"", ""test"", ""ci"", ""build"", ""feat""]","[""refactor"", ""feat"", ""build"", ""fix"", ""test""]",1.2560889720916748,"['062daa45cbd5dba6e96e95d8cdcaee89ae30a83c', 'f823cf28652987d43c8324b4f5b203240032383a', 'c44cf88a6ec54e5ddd99d8348bcc57b301ec7945', '933ab6bb86372913c992567cf9660009900911a7', '8ee0611fbf0cd89abe7ae588f22e6ecb843598ea']",0.8,0.8,0.8000000000000002,False,0.2857142857142857,4096,True,5
"[""refactor"", ""test"", ""ci"", ""docs""]","[""refactor"", ""test"", ""docs"", ""feat"", ""ci""]",1.0716934204101562,"['36556bf8e0bce4ab6d26eafacbdad04d9614a5d7', '317f4eefecddfb1392ca71d551840f446feee302', '036a0ff49a7dade0e04c9c07071a1ff49133ee24', 'e137f9fdbdb6bf3f85c3f7ac9323785e445844c8', 'e7a67d88173566be3cd3aed7e9eeb7e29aabbc57']",1.0,0.8,0.888888888888889,False,0.1428571428571428,4096,True,5
"[""feat"", ""ci"", ""test"", ""refactor"", ""build""]","[""test"", ""ci"", ""refactor"", ""feat"", ""fix""]",1.4029667377471924,"['e0198f74b81da3663144cfe1d971939319f82a0f', '173553c0372e66e03bdab19e0e6c2dd44daa14a0', '062daa45cbd5dba6e96e95d8cdcaee89ae30a83c', 'f823cf28652987d43c8324b4f5b203240032383a', 'bed78248c941d57ad4cc20a455147e186e97c7a1']",0.8,0.8,0.8000000000000002,False,0.2857142857142857,4096,True,5
"[""ci"", ""feat"", ""fix"", ""refactor"", ""test""]","[""ci"", ""refactor"", ""docs"", ""fix"", ""feat""]",1.239997625350952,"['32845e1bbd1efb5dbc16f671049509a409ba25ce', '63eab619e6166eb6cab948028a7b89bf059dd878', 'af880ac5b4fecbc6c4f3d1eee0d95f326e8bd9d1', '9be725fa3906323d4bc9788f54eccf74109d632b', 'fd8e563cc19ca4684885d4692acee6bebcca4ada']",0.8,0.8,0.8000000000000002,False,0.2857142857142857,4096,True,5
"[""feat"", ""fix"", ""refactor"", ""docs"", ""test"", ""ci"", ""build""]","[""docs"", ""refactor"", ""fix"", ""test"", ""build""]",1.5469660758972168,"['bf83c9155e9bee6925aa7102fab53fb803d52533', '3cca5c314ad6feeffbfe1f14cf49ebd0fd9a95a2', '2561f4ade46fc9d59f289f328cc77733a6443697', '317f4eefecddfb1392ca71d551840f446feee302', '454003841aabeb74396d73541378bfa59c75b5db']",0.7142857142857143,1.0,0.8333333333333333,False,0.2857142857142857,4096,True,5
"[""test"", ""ci"", ""refactor"", ""feat"", ""build""]","[""test"", ""ci"", ""fix"", ""docs"", ""refactor""]",1.3123362064361572,"['317f4eefecddfb1392ca71d551840f446feee302', '32845e1bbd1efb5dbc16f671049509a409ba25ce', 'c8e0ae8612df3d6f2831acc004aaac332f6105e4', '6d405dfc1675dcad64a2dfac0c0cb0fb28381d21', '062daa45cbd5dba6e96e95d8cdcaee89ae30a83c']",0.6,0.6,0.6,False,0.5714285714285714,4096,True,5
"[""feat"", ""fix"", ""refactor"", ""ci"", ""build"", ""docs"", ""test""]","[""build"", ""ci"", ""test"", ""docs"", ""feat""]",1.2489783763885498,"['c55591ba157298a9c5816693c102a89dfd058830', 'dbb537a26e388a8d7d17faf131abc30c2f7a84e6', 'e0198f74b81da3663144cfe1d971939319f82a0f', '0cfc5633d37ea06f645649138323f1820e18bdee', 'dc5238b2bda98a7c4f2fe9584fc3b0191a408109']",0.7142857142857143,1.0,0.8333333333333333,False,0.2857142857142857,4096,True,5
"[""feat"", ""refactor"", ""test"", ""ci""]","[""refactor"", ""feat"", ""test"", ""fix"", ""ci""]",1.0426416397094729,"['535708ae50aecb452560a23356fd396f99ef13a2', 'dc5238b2bda98a7c4f2fe9584fc3b0191a408109', 'e2e8ad25854bd1e7cdbc7f50b50bbd99e04ad47d', '2561f4ade46fc9d59f289f328cc77733a6443697', 'c5fa7b80438fbd74f4c341f0d3c9bd9e0f4910da']",1.0,0.8,0.888888888888889,False,0.1428571428571428,4096,True,5
"[""ci"", ""fix"", ""refactor"", ""test""]","[""ci"", ""docs"", ""refactor"", ""build"", ""test""]",0.9131078720092772,"['c5fa7b80438fbd74f4c341f0d3c9bd9e0f4910da', 'af880ac5b4fecbc6c4f3d1eee0d95f326e8bd9d1', '47ef9104e4a89e80d7cc6c1950bc080841da4a7b', '37b1cbfd3d2c462ef4f2a131e4172c38dc8d9ddf', 'c7b25726df94a2530c9b1c0d2b6a0acaa103822f']",0.75,0.6,0.6666666666666665,False,0.4285714285714285,4096,True,5
"[""build"", ""docs"", ""refactor"", ""test""]","[""build"", ""docs"", ""refactor"", ""test"", ""feat""]",1.2638285160064695,"['454003841aabeb74396d73541378bfa59c75b5db', 'aca23027da1295c78fdf42ba9687d8ccc88784d7', '771857b1df9470ebc15357e8879118a72c649d5b', 'bedc7950b24c37809e36a585b7985d5aa5e3e458', 'e137f9fdbdb6bf3f85c3f7ac9323785e445844c8']",1.0,0.8,0.888888888888889,False,0.1428571428571428,4096,True,5
"[""ci"", ""feat"", ""fix"", ""docs"", ""test""]","[""ci"", ""feat"", ""fix"", ""docs"", ""test""]",1.175072431564331,"['74e9de5ec97dc013a52aa063dff0f40ac74c407b', 'ded26d768ff432ad3bde3c0aa1e95ce50726100a', '9be725fa3906323d4bc9788f54eccf74109d632b', 'a52a585d74894b3b4eeb8c784fa089ff95cddad0', 'e9617f0854030e70365eb264bcb3b58078e79e9e']",1.0,1.0,1.0,True,0.0,4096,True,5
"[""feat"", ""build"", ""test"", ""refactor"", ""docs""]","[""feat"", ""build"", ""test"", ""docs"", ""fix""]",1.1305594444274902,"['f9a094918b62534614c47aa8a13f33aec751a1e0', 'e4a11fd5c34942ba12737f1c8c084489428ee274', '229b53a632ea97d47c4be11f096bdd828fb415d8', '036a0ff49a7dade0e04c9c07071a1ff49133ee24', '2561f4ade46fc9d59f289f328cc77733a6443697']",0.8,0.8,0.8000000000000002,False,0.2857142857142857,4096,True,5
"[""refactor"", ""docs"", ""build"", ""test"", ""ci""]","[""build"", ""docs"", ""test"", ""fix"", ""ci""]",1.171764850616455,"['e4a11fd5c34942ba12737f1c8c084489428ee274', 'aca23027da1295c78fdf42ba9687d8ccc88784d7', 'e9617f0854030e70365eb264bcb3b58078e79e9e', '9ef5c0d14193a9abb09b39856f58477d1f4b0d77', '4cbbd2552ba0de273e1dfe7d453c5b3efed751a3']",0.8,0.8,0.8000000000000002,False,0.2857142857142857,4096,True,5
"[""feat"", ""fix"", ""refactor"", ""ci"", ""build"", ""test"", ""docs""]","[""feat"", ""fix"", ""ci"", ""docs"", ""test""]",1.372826337814331,"['f9a094918b62534614c47aa8a13f33aec751a1e0', '2561f4ade46fc9d59f289f328cc77733a6443697', '45837af24a33308a70a3454f0f650f9fe728e272', '036a0ff49a7dade0e04c9c07071a1ff49133ee24', 'b7ce2894fd1794064bd6db4ed730bb6cb7728739']",0.7142857142857143,1.0,0.8333333333333333,False,0.2857142857142857,4096,True,5
"[""feat"", ""refactor"", ""build"", ""ci"", ""test"", ""docs""]","[""feat"", ""refactor"", ""build"", ""fix"", ""docs""]",1.3166182041168213,"['ded26d768ff432ad3bde3c0aa1e95ce50726100a', '062daa45cbd5dba6e96e95d8cdcaee89ae30a83c', '37b1cbfd3d2c462ef4f2a131e4172c38dc8d9ddf', '933ab6bb86372913c992567cf9660009900911a7', '036a0ff49a7dade0e04c9c07071a1ff49133ee24']",0.6666666666666666,0.8,0.7272727272727272,False,0.4285714285714285,4096,True,5
"[""test"", ""refactor"", ""build"", ""feat"", ""docs""]","[""test"", ""build"", ""feat"", ""fix"", ""docs""]",1.0842537879943848,"['f411e58cd510f8a2b980b2f1932003a0c0e9f8f3', 'c44cf88a6ec54e5ddd99d8348bcc57b301ec7945', '1bcf88670b50155b50071e707f98f30cea0b7a24', '9be725fa3906323d4bc9788f54eccf74109d632b', 'a52a585d74894b3b4eeb8c784fa089ff95cddad0']",0.8,0.8,0.8000000000000002,False,0.2857142857142857,4096,True,5
"[""feat"", ""fix"", ""refactor"", ""docs"", ""test"", ""ci"", ""build""]","[""fix"", ""feat"", ""test"", ""ci"", ""docs""]",1.252626657485962,"['933ab6bb86372913c992567cf9660009900911a7', '6ed56ce9ae743ba9a87e6c9643cc06b1de7b748d', 'e2e8ad25854bd1e7cdbc7f50b50bbd99e04ad47d', 'e96487ad7ce90b141219d9032fa2bed68d5dae6a', '036a0ff49a7dade0e04c9c07071a1ff49133ee24']",0.7142857142857143,1.0,0.8333333333333333,False,0.2857142857142857,4096,True,5
"[""test"", ""refactor"", ""ci"", ""build"", ""feat""]","[""test"", ""refactor"", ""ci"", ""build"", ""fix""]",1.2518956661224363,"['e0198f74b81da3663144cfe1d971939319f82a0f', '3cca5c314ad6feeffbfe1f14cf49ebd0fd9a95a2', '45837af24a33308a70a3454f0f650f9fe728e272', '5b81fde8a72cf2e69a10e9f5c4f0bea0a2b8c3e0', '9ef5c0d14193a9abb09b39856f58477d1f4b0d77']",0.8,0.8,0.8000000000000002,False,0.2857142857142857,4096,True,5
"[""build"", ""refactor"", ""test"", ""ci""]","[""build"", ""feat"", ""refactor"", ""ci"", ""test""]",1.0979177951812744,"['c55591ba157298a9c5816693c102a89dfd058830', '1bcf88670b50155b50071e707f98f30cea0b7a24', '1db13ec43727aca872a0f3836e4023ed85db665e', 'dbb537a26e388a8d7d17faf131abc30c2f7a84e6', 'e2e8ad25854bd1e7cdbc7f50b50bbd99e04ad47d']",1.0,0.8,0.888888888888889,False,0.1428571428571428,4096,True,5
"[""feat"", ""fix"", ""refactor"", ""test"", ""ci"", ""build""]","[""feat"", ""refactor"", ""test"", ""ci"", ""build""]",1.3633196353912354,"['e137f9fdbdb6bf3f85c3f7ac9323785e445844c8', 'a62314d9bb632be6af026686615d14b912250512', 'b7ce2894fd1794064bd6db4ed730bb6cb7728739', '45837af24a33308a70a3454f0f650f9fe728e272', '454003841aabeb74396d73541378bfa59c75b5db']",0.8333333333333334,1.0,0.9090909090909092,False,0.1428571428571428,4096,True,5
"[""test"", ""refactor"", ""docs"", ""build""]","[""test"", ""fix"", ""build"", ""refactor"", ""docs""]",1.0166127681732178,"['317f4eefecddfb1392ca71d551840f446feee302', '06e2be4e2019b6fa714e1fcb34485860ef1ede79', '32b92cfa0b74a6c25990e32ac6aab12b8496794c', '535708ae50aecb452560a23356fd396f99ef13a2', 'aca23027da1295c78fdf42ba9687d8ccc88784d7']",1.0,0.8,0.888888888888889,False,0.1428571428571428,4096,True,5
"[""ci"", ""test"", ""refactor"", ""build"", ""feat""]","[""ci"", ""feat"", ""build"", ""fix"", ""test""]",1.256178379058838,"['173553c0372e66e03bdab19e0e6c2dd44daa14a0', '6ed56ce9ae743ba9a87e6c9643cc06b1de7b748d', '32b92cfa0b74a6c25990e32ac6aab12b8496794c', '933ab6bb86372913c992567cf9660009900911a7', 'e9617f0854030e70365eb264bcb3b58078e79e9e']",0.8,0.8,0.8000000000000002,False,0.2857142857142857,4096,True,5
"[""ci"", ""test"", ""refactor"", ""build""]","[""ci"", ""test"", ""fix"", ""feat"", ""build""]",0.9280920028686525,"['dbb537a26e388a8d7d17faf131abc30c2f7a84e6', 'e2e8ad25854bd1e7cdbc7f50b50bbd99e04ad47d', '933ab6bb86372913c992567cf9660009900911a7', 'b282e90e2cbb74559aab79eee8443a4d7c85502a', 'c55591ba157298a9c5816693c102a89dfd058830']",0.75,0.6,0.6666666666666665,False,0.4285714285714285,4096,True,5
"[""test"", ""ci"", ""refactor"", ""build""]","[""test"", ""build"", ""feat"", ""fix"", ""ci""]",1.234689235687256,"['317f4eefecddfb1392ca71d551840f446feee302', 'e4a11fd5c34942ba12737f1c8c084489428ee274', 'ded26d768ff432ad3bde3c0aa1e95ce50726100a', 'd129eaf9125a967ac86c6c7276bbae6b4d50af36', '173553c0372e66e03bdab19e0e6c2dd44daa14a0']",0.75,0.6,0.6666666666666665,False,0.4285714285714285,4096,True,5
"[""test"", ""build"", ""docs"", ""feat""]","[""test"", ""build"", ""refactor"", ""docs"", ""feat""]",0.9825944900512696,"['bedc7950b24c37809e36a585b7985d5aa5e3e458', '5b81fde8a72cf2e69a10e9f5c4f0bea0a2b8c3e0', '47ef9104e4a89e80d7cc6c1950bc080841da4a7b', 'aca23027da1295c78fdf42ba9687d8ccc88784d7', 'f823cf28652987d43c8324b4f5b203240032383a']",1.0,0.8,0.888888888888889,False,0.1428571428571428,4096,True,5
"[""build"", ""ci"", ""refactor"", ""test"", ""docs""]","[""build"", ""ci"", ""feat"", ""docs"", ""fix""]",1.0645809173583984,"['5b81fde8a72cf2e69a10e9f5c4f0bea0a2b8c3e0', 'c5fa7b80438fbd74f4c341f0d3c9bd9e0f4910da', '68278b00450f2679761a2999500f6d87a579376b', 'a52a585d74894b3b4eeb8c784fa089ff95cddad0', '06e2be4e2019b6fa714e1fcb34485860ef1ede79']",0.6,0.6,0.6,False,0.5714285714285714,4096,True,5
"[""feat"", ""fix"", ""refactor"", ""test"", ""ci"", ""build""]","[""test"", ""build"", ""refactor"", ""fix"", ""ci""]",1.284126043319702,"['e0198f74b81da3663144cfe1d971939319f82a0f', '5b81fde8a72cf2e69a10e9f5c4f0bea0a2b8c3e0', '3cca5c314ad6feeffbfe1f14cf49ebd0fd9a95a2', '87d5d4e55ab7149b593d29410f1fe426ba2447d4', '74e9de5ec97dc013a52aa063dff0f40ac74c407b']",0.8333333333333334,1.0,0.9090909090909092,False,0.1428571428571428,4096,True,5
"[""feat"", ""fix"", ""refactor"", ""build"", ""ci"", ""test"", ""docs""]","[""feat"", ""build"", ""fix"", ""ci"", ""test""]",1.459810495376587,"['6ed56ce9ae743ba9a87e6c9643cc06b1de7b748d', 'c323d59c607cabc91f17a78528d998f376f30b10', '87d5d4e55ab7149b593d29410f1fe426ba2447d4', 'c5fa7b80438fbd74f4c341f0d3c9bd9e0f4910da', 'e9617f0854030e70365eb264bcb3b58078e79e9e']",0.7142857142857143,1.0,0.8333333333333333,False,0.2857142857142857,4096,True,5
"[""build"", ""ci"", ""docs"", ""feat"", ""refactor"", ""test""]","[""build"", ""test"", ""refactor"", ""feat"", ""ci""]",1.1843502521514893,"['5b81fde8a72cf2e69a10e9f5c4f0bea0a2b8c3e0', 'e9617f0854030e70365eb264bcb3b58078e79e9e', '2954a0955ce9af6acb345ed1e8328e145ad30475', '68278b00450f2679761a2999500f6d87a579376b', 'e96487ad7ce90b141219d9032fa2bed68d5dae6a']",0.8333333333333334,1.0,0.9090909090909092,False,0.1428571428571428,4096,True,5
"[""ci"", ""feat"", ""refactor"", ""docs"", ""test"", ""build""]","[""ci"", ""refactor"", ""docs"", ""feat"", ""fix""]",1.2622003555297852,"['4cbbd2552ba0de273e1dfe7d453c5b3efed751a3', '535708ae50aecb452560a23356fd396f99ef13a2', 'e12d9e77a6fd531a22325337838a841b1c67f00d', 'fd8e563cc19ca4684885d4692acee6bebcca4ada', '9be725fa3906323d4bc9788f54eccf74109d632b']",0.6666666666666666,0.8,0.7272727272727272,False,0.4285714285714285,4096,True,5
"[""ci"", ""refactor"", ""fix"", ""docs"", ""test""]","[""ci"", ""fix"", ""feat"", ""docs"", ""refactor""]",1.2960667610168457,"['c5fa7b80438fbd74f4c341f0d3c9bd9e0f4910da', 'bed78248c941d57ad4cc20a455147e186e97c7a1', 'b282e90e2cbb74559aab79eee8443a4d7c85502a', 'bf83c9155e9bee6925aa7102fab53fb803d52533', '771857b1df9470ebc15357e8879118a72c649d5b']",0.8,0.8,0.8000000000000002,False,0.2857142857142857,4096,True,5
"[""feat"", ""refactor""]","[""fix""]",0.5087780952453613,['87d5d4e55ab7149b593d29410f1fe426ba2447d4'],0.0,0.0,0.0,False,0.4285714285714285,4096,True,1
"[""test""]","[""test""]",0.4520938396453857,['317f4eefecddfb1392ca71d551840f446feee302'],1.0,1.0,1.0,True,0.0,4096,True,1
"[""ci""]","[""ci""]",0.4110138416290283,['c5fa7b80438fbd74f4c341f0d3c9bd9e0f4910da'],1.0,1.0,1.0,True,0.0,4096,True,1
"[""ci""]","[""ci""]",0.3971514701843261,['e7a67d88173566be3cd3aed7e9eeb7e29aabbc57'],1.0,1.0,1.0,True,0.0,4096,True,1
"[""fix""]","[""fix""]",0.3862507343292236,['d129eaf9125a967ac86c6c7276bbae6b4d50af36'],1.0,1.0,1.0,True,0.0,4096,True,1
"[""build""]","[""build""]",0.4069201946258545,['1269431c8a3e7549f10fcbbb4b88ff625c8898b3'],1.0,1.0,1.0,True,0.0,4096,True,1
"[""feat"", ""refactor""]","[""refactor""]",0.532860279083252,['535708ae50aecb452560a23356fd396f99ef13a2'],0.5,1.0,0.6666666666666666,False,0.1428571428571428,4096,True,1
"[""feat"", ""refactor""]","[""feat""]",0.5259683132171631,['68278b00450f2679761a2999500f6d87a579376b'],0.5,1.0,0.6666666666666666,False,0.1428571428571428,4096,True,1
"[""ci""]","[""ci""]",0.3742523193359375,['6c9cb638cb4d1ecc42632fcf389c24898c5b3244'],1.0,1.0,1.0,True,0.0,4096,True,1
"[""test""]","[""test""]",0.3173720836639404,['c7b25726df94a2530c9b1c0d2b6a0acaa103822f'],1.0,1.0,1.0,True,0.0,4096,True,1
"[""refactor"", ""feat""]","[""feat""]",0.5933935642242432,['1bcf88670b50155b50071e707f98f30cea0b7a24'],0.5,1.0,0.6666666666666666,False,0.1428571428571428,4096,True,1
"[""build"", ""test""]","[""build""]",0.6242105960845947,['454003841aabeb74396d73541378bfa59c75b5db'],0.5,1.0,0.6666666666666666,False,0.1428571428571428,4096,True,1
"[""ci""]","[""ci""]",0.372413158416748,['dbb537a26e388a8d7d17faf131abc30c2f7a84e6'],1.0,1.0,1.0,True,0.0,4096,True,1
"[""fix"", ""docs""]","[""docs""]",0.4772329330444336,['bf83c9155e9bee6925aa7102fab53fb803d52533'],0.5,1.0,0.6666666666666666,False,0.1428571428571428,4096,True,1
"[""feat""]","[""feat""]",0.373746395111084,['dc5238b2bda98a7c4f2fe9584fc3b0191a408109'],1.0,1.0,1.0,True,0.0,4096,True,1
"[""ci""]","[""ci""]",0.3726606369018554,['74e9de5ec97dc013a52aa063dff0f40ac74c407b'],1.0,1.0,1.0,True,0.0,4096,True,1
"[""test""]","[""test""]",0.3776323795318603,['b7ce2894fd1794064bd6db4ed730bb6cb7728739'],1.0,1.0,1.0,True,0.0,4096,True,1
"[""build""]","[""build""]",0.3731222152709961,['32b92cfa0b74a6c25990e32ac6aab12b8496794c'],1.0,1.0,1.0,True,0.0,4096,True,1
"[""fix"", ""refactor""]","[""fix""]",0.5655231475830078,['bed78248c941d57ad4cc20a455147e186e97c7a1'],0.5,1.0,0.6666666666666666,False,0.1428571428571428,4096,True,1
"[""test""]","[""test""]",0.3416292667388916,['f411e58cd510f8a2b980b2f1932003a0c0e9f8f3'],1.0,1.0,1.0,True,0.0,4096,True,1
"[""feat""]","[""feat""]",0.395503282546997,['f9a094918b62534614c47aa8a13f33aec751a1e0'],1.0,1.0,1.0,True,0.0,4096,True,1
"[""docs""]","[""docs""]",0.4030117988586426,['aca23027da1295c78fdf42ba9687d8ccc88784d7'],1.0,1.0,1.0,True,0.0,4096,True,1
"[""build""]","[""build""]",0.4319162368774414,['37b1cbfd3d2c462ef4f2a131e4172c38dc8d9ddf'],1.0,1.0,1.0,True,0.0,4096,True,1
"[""feat"", ""refactor"", ""docs"", ""test"", ""ci"", ""build""]","[""feat""]",1.2443387508392334,['e137f9fdbdb6bf3f85c3f7ac9323785e445844c8'],0.1666666666666666,1.0,0.2857142857142857,False,0.7142857142857143,4096,True,1
"[""test""]","[""test""]",0.3964354991912842,['e0198f74b81da3663144cfe1d971939319f82a0f'],1.0,1.0,1.0,True,0.0,4096,True,1
"[""ci""]","[""ci""]",0.4249837398529053,['45837af24a33308a70a3454f0f650f9fe728e272'],1.0,1.0,1.0,True,0.0,4096,True,1
"[""docs""]","[""docs""]",0.3856728076934814,['0cfc5633d37ea06f645649138323f1820e18bdee'],1.0,1.0,1.0,True,0.0,4096,True,1
"[""test""]","[""test""]",0.5649271011352539,['8ee0611fbf0cd89abe7ae588f22e6ecb843598ea'],1.0,1.0,1.0,True,0.0,4096,True,1
"[""docs"", ""feat""]","[""docs""]",0.4455618858337402,['c2ee5cd5e709afd15c5565ee009a0d204403a119'],0.5,1.0,0.6666666666666666,False,0.1428571428571428,4096,True,1
"[""fix""]","[""fix""]",0.2856383323669433,['d1d55e787b7d07f763852602b9939a5394607fd9'],1.0,1.0,1.0,True,0.0,4096,True,1
"[""build""]","[""build""]",0.3979313373565674,['c55591ba157298a9c5816693c102a89dfd058830'],1.0,1.0,1.0,True,0.0,4096,True,1
"[""fix""]","[""fix""]",0.3145167827606201,['9be725fa3906323d4bc9788f54eccf74109d632b'],1.0,1.0,1.0,True,0.0,4096,True,1
"[""build""]","[""build""]",0.3995547294616699,['f00a4d3e307b89842250358ee432e6800bb24362'],1.0,1.0,1.0,True,0.0,4096,True,1
"[""docs""]","[""docs""]",0.3753278255462646,['036a0ff49a7dade0e04c9c07071a1ff49133ee24'],1.0,1.0,1.0,True,0.0,4096,True,1
"[""feat"", ""docs""]","[""docs""]",0.5073184967041016,['6d405dfc1675dcad64a2dfac0c0cb0fb28381d21'],0.5,1.0,0.6666666666666666,False,0.1428571428571428,4096,True,1
"[""refactor""]","[""refactor""]",1.0737066268920898,['3cca5c314ad6feeffbfe1f14cf49ebd0fd9a95a2'],1.0,1.0,1.0,True,0.0,4096,True,1
"[""fix"", ""test""]","[""docs""]",0.4737265110015869,['af880ac5b4fecbc6c4f3d1eee0d95f326e8bd9d1'],0.0,0.0,0.0,False,0.4285714285714285,4096,True,1
"[""fix""]","[""fix""]",0.3781704902648926,['c8e0ae8612df3d6f2831acc004aaac332f6105e4'],1.0,1.0,1.0,True,0.0,4096,True,1
"[""refactor"", ""docs""]","[""refactor""]",0.6167864799499512,['771857b1df9470ebc15357e8879118a72c649d5b'],0.5,1.0,0.6666666666666666,False,0.1428571428571428,4096,True,1
"[""refactor""]","[""refactor""]",0.3438308238983154,['47ef9104e4a89e80d7cc6c1950bc080841da4a7b'],1.0,1.0,1.0,True,0.0,4096,True,1
"[""refactor""]","[""refactor""]",0.6697657108306885,['1db13ec43727aca872a0f3836e4023ed85db665e'],1.0,1.0,1.0,True,0.0,4096,True,1
"[""fix""]","[""fix""]",0.3175101280212402,['933ab6bb86372913c992567cf9660009900911a7'],1.0,1.0,1.0,True,0.0,4096,True,1
"[""test""]","[""test""]",0.3159153461456299,['e2e8ad25854bd1e7cdbc7f50b50bbd99e04ad47d'],1.0,1.0,1.0,True,0.0,4096,True,1
"[""fix"", ""build""]","[""build""]",0.4677326679229736,['c44cf88a6ec54e5ddd99d8348bcc57b301ec7945'],0.5,1.0,0.6666666666666666,False,0.1428571428571428,4096,True,1
"[""ci""]","[""ci""]",0.3778562545776367,['e96487ad7ce90b141219d9032fa2bed68d5dae6a'],1.0,1.0,1.0,True,0.0,4096,True,1
"[""build""]","[""build""]",0.3731031417846679,['5b81fde8a72cf2e69a10e9f5c4f0bea0a2b8c3e0'],1.0,1.0,1.0,True,0.0,4096,True,1
"[""docs""]","[""docs""]",1.043354034423828,['cb1f48b56ae0de93acb72e48726c7d610a1d538e'],1.0,1.0,1.0,True,0.0,4096,True,1
"[""feat"", ""fix"", ""refactor"", ""docs"", ""test"", ""ci"", ""build""]","[""fix""]",1.0905845165252686,['2561f4ade46fc9d59f289f328cc77733a6443697'],0.1428571428571428,1.0,0.25,False,0.8571428571428571,4096,True,1
"[""refactor""]","[""fix""]",0.3580696582794189,['06e2be4e2019b6fa714e1fcb34485860ef1ede79'],0.0,0.0,0.0,False,0.2857142857142857,4096,True,1
"[""refactor""]","[""refactor""]",0.348299503326416,['36556bf8e0bce4ab6d26eafacbdad04d9614a5d7'],1.0,1.0,1.0,True,0.0,4096,True,1
"[""build"", ""fix""]","[""build""]",0.4747326374053955,['c323d59c607cabc91f17a78528d998f376f30b10'],0.5,1.0,0.6666666666666666,False,0.1428571428571428,4096,True,1
"[""refactor"", ""build""]","[""build""]",0.5645480155944824,['e4a11fd5c34942ba12737f1c8c084489428ee274'],0.5,1.0,0.6666666666666666,False,0.1428571428571428,4096,True,1
"[""feat"", ""docs""]","[""refactor""]",0.5732603073120117,['63eab619e6166eb6cab948028a7b89bf059dd878'],0.0,0.0,0.0,False,0.4285714285714285,4096,True,1
"[""docs""]","[""docs""]",0.3485405445098877,['a52a585d74894b3b4eeb8c784fa089ff95cddad0'],1.0,1.0,1.0,True,0.0,4096,True,1
"[""feat"", ""refactor"", ""test"", ""ci"", ""build"", ""docs""]","[""feat""]",0.9908359050750732,['b282e90e2cbb74559aab79eee8443a4d7c85502a'],0.1666666666666666,1.0,0.2857142857142857,False,0.7142857142857143,4096,True,1
"[""feat"", ""test"", ""ci"", ""build"", ""docs""]","[""feat""]",0.7990024089813232,['f823cf28652987d43c8324b4f5b203240032383a'],0.2,1.0,0.3333333333333333,False,0.5714285714285714,4096,True,1
"[""feat"", ""refactor""]","[""fix""]",0.506594181060791,['9ef5c0d14193a9abb09b39856f58477d1f4b0d77'],0.0,0.0,0.0,False,0.4285714285714285,4096,True,1
"[""feat"", ""refactor""]","[""feat""]",0.6065685749053955,['fd8e563cc19ca4684885d4692acee6bebcca4ada'],0.5,1.0,0.6666666666666666,False,0.1428571428571428,4096,True,1
"[""ci""]","[""ci""]",0.3866000175476074,['4cbbd2552ba0de273e1dfe7d453c5b3efed751a3'],1.0,1.0,1.0,True,0.0,4096,True,1
"[""ci"", ""test""]","[""ci""]",0.5817520618438721,['173553c0372e66e03bdab19e0e6c2dd44daa14a0'],0.5,1.0,0.6666666666666666,False,0.1428571428571428,4096,True,1
"[""ci""]","[""ci""]",0.5526342391967773,['32845e1bbd1efb5dbc16f671049509a409ba25ce'],1.0,1.0,1.0,True,0.0,4096,True,1
"[""test""]","[""test""]",0.3402609825134277,['229b53a632ea97d47c4be11f096bdd828fb415d8'],1.0,1.0,1.0,True,0.0,4096,True,1
"[""feat"", ""refactor""]","[""refactor""]",0.5018582344055176,['2954a0955ce9af6acb345ed1e8328e145ad30475'],0.5,1.0,0.6666666666666666,False,0.1428571428571428,4096,True,1
"[""refactor"", ""docs""]","[""refactor""]",0.5042243003845215,['a62314d9bb632be6af026686615d14b912250512'],0.5,1.0,0.6666666666666666,False,0.1428571428571428,4096,True,1
"[""refactor""]","[""refactor""]",0.7064230442047119,['062daa45cbd5dba6e96e95d8cdcaee89ae30a83c'],1.0,1.0,1.0,True,0.0,4096,True,1
"[""fix"", ""test""]","[""test""]",0.4925508499145508,['bedc7950b24c37809e36a585b7985d5aa5e3e458'],0.5,1.0,0.6666666666666666,False,0.1428571428571428,4096,True,1
"[""feat"", ""refactor""]","[""feat""]",0.9371864795684814,['ded26d768ff432ad3bde3c0aa1e95ce50726100a'],0.5,1.0,0.6666666666666666,False,0.1428571428571428,4096,True,1
"[""feat"", ""test""]","[""test""]",0.5074648857116699,['e9617f0854030e70365eb264bcb3b58078e79e9e'],0.5,1.0,0.6666666666666666,False,0.1428571428571428,4096,True,1
"[""feat"", ""build"", ""test""]","[""feat""]",0.7939293384552002,['6ed56ce9ae743ba9a87e6c9643cc06b1de7b748d'],0.3333333333333333,1.0,0.5,False,0.2857142857142857,4096,True,1
"[""feat"", ""docs""]","[""docs""]",0.4289157390594482,['e12d9e77a6fd531a22325337838a841b1c67f00d'],0.5,1.0,0.6666666666666666,False,0.1428571428571428,4096,True,1
"[""feat"", ""refactor""]","[""feat"", ""refactor""]",0.6578469276428223,"['fd8e563cc19ca4684885d4692acee6bebcca4ada', '36556bf8e0bce4ab6d26eafacbdad04d9614a5d7']",1.0,1.0,1.0,True,0.0,4096,True,2
"[""ci"", ""build""]","[""ci"", ""build""]",0.5827572345733643,"['45837af24a33308a70a3454f0f650f9fe728e272', '5b81fde8a72cf2e69a10e9f5c4f0bea0a2b8c3e0']",1.0,1.0,1.0,True,0.0,4096,True,2
"[""feat"", ""refactor"", ""test""]","[""refactor"", ""docs""]",0.6700427532196045,"['535708ae50aecb452560a23356fd396f99ef13a2', 'af880ac5b4fecbc6c4f3d1eee0d95f326e8bd9d1']",0.3333333333333333,0.5,0.4,False,0.4285714285714285,4096,True,2
"[""feat"", ""refactor"", ""docs"", ""test"", ""ci"", ""build""]","[""feat"", ""refactor""]",1.0744946002960205,"['68278b00450f2679761a2999500f6d87a579376b', '63eab619e6166eb6cab948028a7b89bf059dd878']",0.3333333333333333,1.0,0.5,False,0.5714285714285714,4096,True,2
"[""ci"", ""test"", ""refactor""]","[""ci"", ""test""]",0.606896162033081,"['dbb537a26e388a8d7d17faf131abc30c2f7a84e6', 'f411e58cd510f8a2b980b2f1932003a0c0e9f8f3']",0.6666666666666666,1.0,0.8,False,0.1428571428571428,4096,True,2
"[""test"", ""ci""]","[""test"", ""ci""]",0.5864295959472656,"['e2e8ad25854bd1e7cdbc7f50b50bbd99e04ad47d', 'c5fa7b80438fbd74f4c341f0d3c9bd9e0f4910da']",1.0,1.0,1.0,True,0.0,4096,True,2
"[""ci"", ""build""]","[""ci"", ""build""]",0.6367626190185547,"['45837af24a33308a70a3454f0f650f9fe728e272', '1269431c8a3e7549f10fcbbb4b88ff625c8898b3']",1.0,1.0,1.0,True,0.0,4096,True,2
"[""feat"", ""test"", ""refactor""]","[""feat"", ""test""]",0.7673723697662354,"['1bcf88670b50155b50071e707f98f30cea0b7a24', 'f411e58cd510f8a2b980b2f1932003a0c0e9f8f3']",0.6666666666666666,1.0,0.8,False,0.1428571428571428,4096,True,2
"[""fix"", ""ci""]","[""fix"", ""docs""]",0.4768013954162597,"['9be725fa3906323d4bc9788f54eccf74109d632b', '0cfc5633d37ea06f645649138323f1820e18bdee']",0.5,0.5,0.5,False,0.2857142857142857,4096,True,2
"[""fix"", ""ci""]","[""fix"", ""ci""]",0.4397852420806885,"['9be725fa3906323d4bc9788f54eccf74109d632b', 'e96487ad7ce90b141219d9032fa2bed68d5dae6a']",1.0,1.0,1.0,True,0.0,4096,True,2
"[""build"", ""test""]","[""build"", ""test""]",0.6676671504974365,"['1269431c8a3e7549f10fcbbb4b88ff625c8898b3', '317f4eefecddfb1392ca71d551840f446feee302']",1.0,1.0,1.0,True,0.0,4096,True,2
"[""ci"", ""docs""]","[""ci"", ""docs""]",0.5047075748443604,"['dbb537a26e388a8d7d17faf131abc30c2f7a84e6', '0cfc5633d37ea06f645649138323f1820e18bdee']",1.0,1.0,1.0,True,0.0,4096,True,2
"[""refactor"", ""build""]","[""refactor"", ""build""]",1.008471965789795,"['3cca5c314ad6feeffbfe1f14cf49ebd0fd9a95a2', '454003841aabeb74396d73541378bfa59c75b5db']",1.0,1.0,1.0,True,0.0,4096,True,2
"[""feat"", ""fix"", ""refactor"", ""docs"", ""test"", ""ci"", ""build""]","[""fix"", ""refactor""]",1.4281365871429443,"['2561f4ade46fc9d59f289f328cc77733a6443697', '062daa45cbd5dba6e96e95d8cdcaee89ae30a83c']",0.2857142857142857,1.0,0.4444444444444445,False,0.7142857142857143,4096,True,2
"[""fix"", ""ci""]","[""build"", ""ci""]",0.5076265335083008,"['c44cf88a6ec54e5ddd99d8348bcc57b301ec7945', 'dbb537a26e388a8d7d17faf131abc30c2f7a84e6']",0.5,0.5,0.5,False,0.2857142857142857,4096,True,2
"[""build"", ""feat"", ""refactor""]","[""build"", ""refactor""]",0.7241582870483398,"['32b92cfa0b74a6c25990e32ac6aab12b8496794c', '63eab619e6166eb6cab948028a7b89bf059dd878']",0.6666666666666666,1.0,0.8,False,0.1428571428571428,4096,True,2
"[""feat"", ""ci""]","[""feat"", ""docs""]",0.5050263404846191,"['dc5238b2bda98a7c4f2fe9584fc3b0191a408109', 'e12d9e77a6fd531a22325337838a841b1c67f00d']",0.5,0.5,0.5,False,0.2857142857142857,4096,True,2
"[""ci"", ""docs""]","[""ci"", ""docs""]",0.74619460105896,"['32845e1bbd1efb5dbc16f671049509a409ba25ce', 'bf83c9155e9bee6925aa7102fab53fb803d52533']",1.0,1.0,1.0,True,0.0,4096,True,2
"[""feat"", ""build"", ""test"", ""refactor""]","[""fix"", ""feat""]",0.9673969745635986,"['d129eaf9125a967ac86c6c7276bbae6b4d50af36', '6ed56ce9ae743ba9a87e6c9643cc06b1de7b748d']",0.25,0.5,0.3333333333333333,False,0.5714285714285714,4096,True,2
"[""feat"", ""refactor"", ""ci""]","[""feat"", ""ci""]",0.7898094654083252,"['1bcf88670b50155b50071e707f98f30cea0b7a24', '74e9de5ec97dc013a52aa063dff0f40ac74c407b']",0.6666666666666666,1.0,0.8,False,0.1428571428571428,4096,True,2
"[""docs"", ""ci""]","[""docs"", ""ci""]",0.5068085193634033,"['036a0ff49a7dade0e04c9c07071a1ff49133ee24', '4cbbd2552ba0de273e1dfe7d453c5b3efed751a3']",1.0,1.0,1.0,True,0.0,4096,True,2
"[""feat"", ""docs"", ""test"", ""ci"", ""build""]","[""test"", ""docs""]",1.2297115325927734,"['e9617f0854030e70365eb264bcb3b58078e79e9e', 'cb1f48b56ae0de93acb72e48726c7d610a1d538e']",0.4,1.0,0.5714285714285715,False,0.4285714285714285,4096,True,2
"[""docs"", ""feat""]","[""docs"", ""feat""]",0.5922708511352539,"['aca23027da1295c78fdf42ba9687d8ccc88784d7', 'f823cf28652987d43c8324b4f5b203240032383a']",1.0,1.0,1.0,True,0.0,4096,True,2
"[""refactor"", ""test"", ""ci"", ""build"", ""docs"", ""feat"", ""fix""]","[""refactor"", ""fix""]",1.0393688678741455,"['47ef9104e4a89e80d7cc6c1950bc080841da4a7b', '06e2be4e2019b6fa714e1fcb34485860ef1ede79']",0.2857142857142857,1.0,0.4444444444444445,False,0.7142857142857143,4096,True,2
"[""build"", ""ci""]","[""build"", ""ci""]",0.4908158779144287,"['5b81fde8a72cf2e69a10e9f5c4f0bea0a2b8c3e0', 'dbb537a26e388a8d7d17faf131abc30c2f7a84e6']",1.0,1.0,1.0,True,0.0,4096,True,2
"[""build"", ""refactor""]","[""build"", ""refactor""]",0.527761697769165,"['5b81fde8a72cf2e69a10e9f5c4f0bea0a2b8c3e0', '36556bf8e0bce4ab6d26eafacbdad04d9614a5d7']",1.0,1.0,1.0,True,0.0,4096,True,2
"[""feat"", ""test""]","[""fix"", ""test""]",0.5853538513183594,"['9ef5c0d14193a9abb09b39856f58477d1f4b0d77', 'b7ce2894fd1794064bd6db4ed730bb6cb7728739']",0.5,0.5,0.5,False,0.2857142857142857,4096,True,2
"[""fix"", ""build"", ""docs""]","[""build"", ""docs""]",0.6410911083221436,"['c323d59c607cabc91f17a78528d998f376f30b10', 'c2ee5cd5e709afd15c5565ee009a0d204403a119']",0.6666666666666666,1.0,0.8,False,0.1428571428571428,4096,True,2
"[""fix"", ""ci""]","[""fix"", ""ci""]",0.4388399124145508,"['9be725fa3906323d4bc9788f54eccf74109d632b', 'dbb537a26e388a8d7d17faf131abc30c2f7a84e6']",1.0,1.0,1.0,True,0.0,4096,True,2
"[""fix"", ""ci""]","[""fix"", ""ci""]",0.5740299224853516,"['9be725fa3906323d4bc9788f54eccf74109d632b', 'e7a67d88173566be3cd3aed7e9eeb7e29aabbc57']",1.0,1.0,1.0,True,0.0,4096,True,2
"[""feat"", ""refactor"", ""docs""]","[""docs"", ""refactor""]",0.96657133102417,"['c2ee5cd5e709afd15c5565ee009a0d204403a119', '062daa45cbd5dba6e96e95d8cdcaee89ae30a83c']",0.6666666666666666,1.0,0.8,False,0.1428571428571428,4096,True,2
"[""feat"", ""refactor""]","[""fix"", ""feat""]",0.7836151123046875,"['933ab6bb86372913c992567cf9660009900911a7', 'e137f9fdbdb6bf3f85c3f7ac9323785e445844c8']",0.5,0.5,0.5,False,0.2857142857142857,4096,True,2
"[""fix"", ""build""]","[""fix"", ""build""]",0.5335969924926758,"['9be725fa3906323d4bc9788f54eccf74109d632b', 'c44cf88a6ec54e5ddd99d8348bcc57b301ec7945']",1.0,1.0,1.0,True,0.0,4096,True,2
"[""ci"", ""build"", ""test""]","[""ci"", ""docs""]",0.7430703639984131,"['173553c0372e66e03bdab19e0e6c2dd44daa14a0', 'e12d9e77a6fd531a22325337838a841b1c67f00d']",0.3333333333333333,0.5,0.4,False,0.4285714285714285,4096,True,2
"[""ci"", ""feat""]","[""ci"", ""feat""]",0.5488307476043701,"['6c9cb638cb4d1ecc42632fcf389c24898c5b3244', 'f823cf28652987d43c8324b4f5b203240032383a']",1.0,1.0,1.0,True,0.0,4096,True,2
"[""ci"", ""docs"", ""refactor""]","[""ci"", ""docs""]",0.7233786582946777,"['74e9de5ec97dc013a52aa063dff0f40ac74c407b', 'c2ee5cd5e709afd15c5565ee009a0d204403a119']",0.6666666666666666,1.0,0.8,False,0.1428571428571428,4096,True,2
"[""test"", ""ci""]","[""test"", ""build""]",0.6180448532104492,"['317f4eefecddfb1392ca71d551840f446feee302', '5b81fde8a72cf2e69a10e9f5c4f0bea0a2b8c3e0']",0.5,0.5,0.5,False,0.2857142857142857,4096,True,2
"[""feat"", ""docs""]","[""docs"", ""feat""]",0.5268466472625732,"['a52a585d74894b3b4eeb8c784fa089ff95cddad0', 'f823cf28652987d43c8324b4f5b203240032383a']",1.0,1.0,1.0,True,0.0,4096,True,2
"[""refactor"", ""build""]","[""refactor"", ""build""]",0.5183401107788086,"['47ef9104e4a89e80d7cc6c1950bc080841da4a7b', '5b81fde8a72cf2e69a10e9f5c4f0bea0a2b8c3e0']",1.0,1.0,1.0,True,0.0,4096,True,2
"[""feat"", ""refactor"", ""docs"", ""test"", ""ci"", ""build""]","[""feat"", ""refactor""]",1.4494059085845947,"['e137f9fdbdb6bf3f85c3f7ac9323785e445844c8', '771857b1df9470ebc15357e8879118a72c649d5b']",0.3333333333333333,1.0,0.5,False,0.5714285714285714,4096,True,2
"[""feat"", ""refactor"", ""build"", ""test"", ""ci"", ""docs""]","[""feat"", ""fix""]",1.162970781326294,"['6ed56ce9ae743ba9a87e6c9643cc06b1de7b748d', 'd1d55e787b7d07f763852602b9939a5394607fd9']",0.1666666666666666,0.5,0.25,False,0.8571428571428571,4096,True,2
"[""build"", ""fix""]","[""build"", ""docs""]",0.5066323280334473,"['c323d59c607cabc91f17a78528d998f376f30b10', '0cfc5633d37ea06f645649138323f1820e18bdee']",0.5,0.5,0.5,False,0.2857142857142857,4096,True,2
"[""feat"", ""test"", ""ci"", ""build"", ""docs""]","[""test"", ""refactor""]",1.1150364875793457,"['8ee0611fbf0cd89abe7ae588f22e6ecb843598ea', '2954a0955ce9af6acb345ed1e8328e145ad30475']",0.2,0.5,0.2857142857142857,False,0.7142857142857143,4096,True,2
"[""refactor""]","[""refactor"", ""fix""]",0.433833360671997,"['36556bf8e0bce4ab6d26eafacbdad04d9614a5d7', 'c8e0ae8612df3d6f2831acc004aaac332f6105e4']",1.0,0.5,0.6666666666666666,False,0.1428571428571428,4096,True,2
"[""refactor"", ""ci""]","[""build"", ""ci""]",0.698540449142456,"['e4a11fd5c34942ba12737f1c8c084489428ee274', '173553c0372e66e03bdab19e0e6c2dd44daa14a0']",0.5,0.5,0.5,False,0.2857142857142857,4096,True,2
"[""feat"", ""fix"", ""refactor"", ""docs"", ""test"", ""ci"", ""build""]","[""fix"", ""feat""]",1.080519199371338,"['c8e0ae8612df3d6f2831acc004aaac332f6105e4', 'f9a094918b62534614c47aa8a13f33aec751a1e0']",0.2857142857142857,1.0,0.4444444444444445,False,0.7142857142857143,4096,True,2
"[""refactor"", ""docs""]","[""refactor"", ""docs""]",0.7257702350616455,"['771857b1df9470ebc15357e8879118a72c649d5b', '0cfc5633d37ea06f645649138323f1820e18bdee']",1.0,1.0,1.0,True,0.0,4096,True,2
"[""feat"", ""refactor"", ""build"", ""test"", ""ci"", ""docs""]","[""feat"", ""fix""]",1.168306589126587,"['6ed56ce9ae743ba9a87e6c9643cc06b1de7b748d', '87d5d4e55ab7149b593d29410f1fe426ba2447d4']",0.1666666666666666,0.5,0.25,False,0.8571428571428571,4096,True,2
"[""refactor"", ""test""]","[""refactor"", ""test""]",0.8097856044769287,"['1db13ec43727aca872a0f3836e4023ed85db665e', '229b53a632ea97d47c4be11f096bdd828fb415d8']",1.0,1.0,1.0,True,0.0,4096,True,2
"[""test"", ""feat""]","[""test"", ""refactor""]",0.7203528881072998,"['317f4eefecddfb1392ca71d551840f446feee302', '63eab619e6166eb6cab948028a7b89bf059dd878']",0.5,0.5,0.5,False,0.2857142857142857,4096,True,2
"[""feat"", ""refactor""]","[""docs"", ""build""]",0.5678951740264893,"['e12d9e77a6fd531a22325337838a841b1c67f00d', 'c44cf88a6ec54e5ddd99d8348bcc57b301ec7945']",0.0,0.0,0.0,False,0.5714285714285714,4096,True,2
"[""refactor"", ""build""]","[""refactor"", ""build""]",0.8365683555603027,"['1db13ec43727aca872a0f3836e4023ed85db665e', '32b92cfa0b74a6c25990e32ac6aab12b8496794c']",1.0,1.0,1.0,True,0.0,4096,True,2
"[""docs"", ""refactor"", ""build""]","[""docs"", ""fix""]",0.7256832122802734,"['c2ee5cd5e709afd15c5565ee009a0d204403a119', 'bed78248c941d57ad4cc20a455147e186e97c7a1']",0.3333333333333333,0.5,0.4,False,0.4285714285714285,4096,True,2
"[""fix"", ""feat"", ""ci"", ""docs""]","[""docs"", ""ci""]",0.8307182788848877,"['bf83c9155e9bee6925aa7102fab53fb803d52533', '173553c0372e66e03bdab19e0e6c2dd44daa14a0']",0.5,1.0,0.6666666666666666,False,0.2857142857142857,4096,True,2
"[""refactor"", ""ci""]","[""refactor"", ""ci""]",0.5408380031585693,"['36556bf8e0bce4ab6d26eafacbdad04d9614a5d7', '74e9de5ec97dc013a52aa063dff0f40ac74c407b']",1.0,1.0,1.0,True,0.0,4096,True,2
"[""test"", ""feat""]","[""test"", ""fix""]",0.5798492431640625,"['e9617f0854030e70365eb264bcb3b58078e79e9e', '87d5d4e55ab7149b593d29410f1fe426ba2447d4']",0.5,0.5,0.5,False,0.2857142857142857,4096,True,2
"[""feat"", ""refactor"", ""docs"", ""test"", ""ci"", ""build""]","[""feat"", ""refactor""]",1.2433860301971436,"['e137f9fdbdb6bf3f85c3f7ac9323785e445844c8', '47ef9104e4a89e80d7cc6c1950bc080841da4a7b']",0.3333333333333333,1.0,0.5,False,0.5714285714285714,4096,True,2
"[""refactor"", ""fix"", ""ci""]","[""fix"", ""ci""]",0.7045595645904541,"['2561f4ade46fc9d59f289f328cc77733a6443697', '74e9de5ec97dc013a52aa063dff0f40ac74c407b']",0.6666666666666666,1.0,0.8,False,0.1428571428571428,4096,True,2
"[""build"", ""ci""]","[""build"", ""ci""]",0.4381611347198486,"['5b81fde8a72cf2e69a10e9f5c4f0bea0a2b8c3e0', 'e96487ad7ce90b141219d9032fa2bed68d5dae6a']",1.0,1.0,1.0,True,0.0,4096,True,2
"[""build"", ""test"", ""ci""]","[""build"", ""test""]",0.8532471656799316,"['32b92cfa0b74a6c25990e32ac6aab12b8496794c', '8ee0611fbf0cd89abe7ae588f22e6ecb843598ea']",0.6666666666666666,1.0,0.8,False,0.1428571428571428,4096,True,2
"[""refactor"", ""ci""]","[""refactor"", ""ci""]",0.8434352874755859,"['1db13ec43727aca872a0f3836e4023ed85db665e', '74e9de5ec97dc013a52aa063dff0f40ac74c407b']",1.0,1.0,1.0,True,0.0,4096,True,2
"[""refactor"", ""build""]","[""fix"", ""build""]",0.6487560272216797,"['2561f4ade46fc9d59f289f328cc77733a6443697', 'c55591ba157298a9c5816693c102a89dfd058830']",0.5,0.5,0.5,False,0.2857142857142857,4096,True,2
"[""build"", ""refactor""]","[""build"", ""refactor""]",0.7755484580993652,"['5b81fde8a72cf2e69a10e9f5c4f0bea0a2b8c3e0', '1db13ec43727aca872a0f3836e4023ed85db665e']",1.0,1.0,1.0,True,0.0,4096,True,2
"[""test"", ""ci"", ""build"", ""feat""]","[""test"", ""ci""]",0.9574401378631592,"['8ee0611fbf0cd89abe7ae588f22e6ecb843598ea', 'e96487ad7ce90b141219d9032fa2bed68d5dae6a']",0.5,1.0,0.6666666666666666,False,0.2857142857142857,4096,True,2
"[""refactor"", ""test""]","[""test"", ""refactor""]",0.9050281047821044,"['bedc7950b24c37809e36a585b7985d5aa5e3e458', '062daa45cbd5dba6e96e95d8cdcaee89ae30a83c']",1.0,1.0,1.0,True,0.0,4096,True,2
"[""ci"", ""refactor"", ""test"", ""feat""]","[""ci"", ""refactor""]",0.8958804607391357,"['74e9de5ec97dc013a52aa063dff0f40ac74c407b', '63eab619e6166eb6cab948028a7b89bf059dd878']",0.5,1.0,0.6666666666666666,False,0.2857142857142857,4096,True,2
"[""test"", ""docs""]","[""test"", ""docs""]",0.5866198539733887,"['317f4eefecddfb1392ca71d551840f446feee302', 'af880ac5b4fecbc6c4f3d1eee0d95f326e8bd9d1']",1.0,1.0,1.0,True,0.0,4096,True,2
"[""feat"", ""refactor""]","[""feat"", ""fix""]",0.5095021724700928,"['dc5238b2bda98a7c4f2fe9584fc3b0191a408109', '9ef5c0d14193a9abb09b39856f58477d1f4b0d77']",0.5,0.5,0.5,False,0.2857142857142857,4096,True,2
"[""refactor"", ""ci""]","[""build"", ""docs""]",0.5955634117126465,"['e4a11fd5c34942ba12737f1c8c084489428ee274', 'e12d9e77a6fd531a22325337838a841b1c67f00d']",0.0,0.0,0.0,False,0.5714285714285714,4096,True,2
"[""feat"", ""build"", ""test"", ""docs"", ""refactor"", ""ci""]","[""feat"", ""refactor""]",1.2638781070709229,"['6ed56ce9ae743ba9a87e6c9643cc06b1de7b748d', '63eab619e6166eb6cab948028a7b89bf059dd878']",0.3333333333333333,1.0,0.5,False,0.5714285714285714,4096,True,2
"[""ci"", ""docs"", ""refactor""]","[""ci"", ""fix"", ""docs""]",0.8781297206878662,"['dbb537a26e388a8d7d17faf131abc30c2f7a84e6', 'd129eaf9125a967ac86c6c7276bbae6b4d50af36', 'cb1f48b56ae0de93acb72e48726c7d610a1d538e']",0.6666666666666666,0.6666666666666666,0.6666666666666666,False,0.2857142857142857,4096,True,3
"[""refactor"", ""test""]","[""fix"", ""refactor"", ""feat""]",0.9572014808654784,"['933ab6bb86372913c992567cf9660009900911a7', '3cca5c314ad6feeffbfe1f14cf49ebd0fd9a95a2', '6ed56ce9ae743ba9a87e6c9643cc06b1de7b748d']",0.5,0.3333333333333333,0.4,False,0.4285714285714285,4096,True,3
"[""build"", ""feat"", ""refactor""]","[""build"", ""feat"", ""ci""]",1.0569450855255127,"['5b81fde8a72cf2e69a10e9f5c4f0bea0a2b8c3e0', 'e137f9fdbdb6bf3f85c3f7ac9323785e445844c8', '32845e1bbd1efb5dbc16f671049509a409ba25ce']",0.6666666666666666,0.6666666666666666,0.6666666666666666,False,0.2857142857142857,4096,True,3
"[""ci"", ""feat"", ""refactor"", ""docs""]","[""ci"", ""docs"", ""feat""]",0.912867307662964,"['45837af24a33308a70a3454f0f650f9fe728e272', '6d405dfc1675dcad64a2dfac0c0cb0fb28381d21', 'f823cf28652987d43c8324b4f5b203240032383a']",0.75,1.0,0.8571428571428571,False,0.1428571428571428,4096,True,3
"[""ci"", ""build"", ""docs"", ""fix""]","[""ci"", ""docs"", ""build""]",0.7387876510620117,"['6c9cb638cb4d1ecc42632fcf389c24898c5b3244', 'bf83c9155e9bee6925aa7102fab53fb803d52533', 'c323d59c607cabc91f17a78528d998f376f30b10']",0.75,1.0,0.8571428571428571,False,0.1428571428571428,4096,True,3
"[""test"", ""ci"", ""feat"", ""refactor""]","[""test"", ""docs"", ""fix""]",0.8256118297576904,"['229b53a632ea97d47c4be11f096bdd828fb415d8', 'e12d9e77a6fd531a22325337838a841b1c67f00d', 'd129eaf9125a967ac86c6c7276bbae6b4d50af36']",0.25,0.3333333333333333,0.2857142857142857,False,0.7142857142857143,4096,True,3
"[""feat"", ""docs"", ""refactor""]","[""feat"", ""docs"", ""refactor""]",0.7738447189331055,"['68278b00450f2679761a2999500f6d87a579376b', 'c2ee5cd5e709afd15c5565ee009a0d204403a119', '535708ae50aecb452560a23356fd396f99ef13a2']",1.0,1.0,1.0,True,0.0,4096,True,3
"[""build"", ""ci"", ""docs"", ""fix"", ""refactor""]","[""docs"", ""ci"", ""test""]",0.9170804023742676,"['0cfc5633d37ea06f645649138323f1820e18bdee', '6c9cb638cb4d1ecc42632fcf389c24898c5b3244', 'f411e58cd510f8a2b980b2f1932003a0c0e9f8f3']",0.4,0.6666666666666666,0.5,False,0.5714285714285714,4096,True,3
"[""build"", ""refactor""]","[""build"", ""fix"", ""refactor""]",0.6203877925872803,"['1269431c8a3e7549f10fcbbb4b88ff625c8898b3', '933ab6bb86372913c992567cf9660009900911a7', '36556bf8e0bce4ab6d26eafacbdad04d9614a5d7']",1.0,0.6666666666666666,0.8,False,0.1428571428571428,4096,True,3
"[""test"", ""docs"", ""refactor""]","[""test"", ""fix"", ""docs""]",0.7194592952728271,"['c7b25726df94a2530c9b1c0d2b6a0acaa103822f', '933ab6bb86372913c992567cf9660009900911a7', 'c2ee5cd5e709afd15c5565ee009a0d204403a119']",0.6666666666666666,0.6666666666666666,0.6666666666666666,False,0.2857142857142857,4096,True,3
"[""build"", ""ci"", ""docs"", ""feat"", ""fix"", ""refactor"", ""test""]","[""build"", ""refactor"", ""fix""]",1.2586565017700195,"['32b92cfa0b74a6c25990e32ac6aab12b8496794c', '771857b1df9470ebc15357e8879118a72c649d5b', '06e2be4e2019b6fa714e1fcb34485860ef1ede79']",0.4285714285714285,1.0,0.6,False,0.5714285714285714,4096,True,3
"[""test"", ""refactor"", ""ci""]","[""test"", ""docs"", ""build""]",0.7194626331329346,"['f411e58cd510f8a2b980b2f1932003a0c0e9f8f3', '036a0ff49a7dade0e04c9c07071a1ff49133ee24', 'c44cf88a6ec54e5ddd99d8348bcc57b301ec7945']",0.3333333333333333,0.3333333333333333,0.3333333333333333,False,0.5714285714285714,4096,True,3
"[""feat"", ""refactor"", ""test"", ""build"", ""docs""]","[""feat"", ""test"", ""refactor""]",1.1162848472595217,"['6ed56ce9ae743ba9a87e6c9643cc06b1de7b748d', 'c7b25726df94a2530c9b1c0d2b6a0acaa103822f', '535708ae50aecb452560a23356fd396f99ef13a2']",0.6,1.0,0.7499999999999999,False,0.2857142857142857,4096,True,3
"[""feat"", ""refactor"", ""ci"", ""build"", ""test"", ""docs"", ""fix""]","[""docs"", ""feat"", ""fix""]",1.243849754333496,"['6d405dfc1675dcad64a2dfac0c0cb0fb28381d21', 'ded26d768ff432ad3bde3c0aa1e95ce50726100a', 'd129eaf9125a967ac86c6c7276bbae6b4d50af36']",0.4285714285714285,1.0,0.6,False,0.5714285714285714,4096,True,3
"[""ci"", ""docs"", ""refactor""]","[""ci"", ""docs"", ""fix""]",0.8478469848632812,"['e7a67d88173566be3cd3aed7e9eeb7e29aabbc57', 'c2ee5cd5e709afd15c5565ee009a0d204403a119', 'bed78248c941d57ad4cc20a455147e186e97c7a1']",0.6666666666666666,0.6666666666666666,0.6666666666666666,False,0.2857142857142857,4096,True,3
"[""ci"", ""docs"", ""refactor"", ""test""]","[""ci"", ""docs"", ""fix""]",0.8776257038116455,"['74e9de5ec97dc013a52aa063dff0f40ac74c407b', 'aca23027da1295c78fdf42ba9687d8ccc88784d7', 'd129eaf9125a967ac86c6c7276bbae6b4d50af36']",0.5,0.6666666666666666,0.5714285714285715,False,0.4285714285714285,4096,True,3
"[""test"", ""refactor"", ""build""]","[""test"", ""fix"", ""build""]",0.7673563957214355,"['c7b25726df94a2530c9b1c0d2b6a0acaa103822f', 'bed78248c941d57ad4cc20a455147e186e97c7a1', 'c55591ba157298a9c5816693c102a89dfd058830']",0.6666666666666666,0.6666666666666666,0.6666666666666666,False,0.2857142857142857,4096,True,3
"[""docs"", ""ci"", ""refactor"", ""build""]","[""docs"", ""ci"", ""fix""]",0.9221816062927246,"['a52a585d74894b3b4eeb8c784fa089ff95cddad0', 'e7a67d88173566be3cd3aed7e9eeb7e29aabbc57', 'bed78248c941d57ad4cc20a455147e186e97c7a1']",0.5,0.6666666666666666,0.5714285714285715,False,0.4285714285714285,4096,True,3
"[""fix"", ""ci"", ""test"", ""build""]","[""build"", ""ci"", ""test""]",0.7696962356567383,"['f00a4d3e307b89842250358ee432e6800bb24362', '6c9cb638cb4d1ecc42632fcf389c24898c5b3244', 'c7b25726df94a2530c9b1c0d2b6a0acaa103822f']",0.75,1.0,0.8571428571428571,False,0.1428571428571428,4096,True,3
"[""feat"", ""feat"", ""feat""]","[""refactor"", ""feat"", ""fix""]",0.7109415531158447,"['2954a0955ce9af6acb345ed1e8328e145ad30475', 'dc5238b2bda98a7c4f2fe9584fc3b0191a408109', '9ef5c0d14193a9abb09b39856f58477d1f4b0d77']",1.0,0.3333333333333333,0.5,False,0.2857142857142857,4096,True,3
"[""ci"", ""test"", ""refactor""]","[""ci"", ""test"", ""fix""]",0.720142126083374,"['4cbbd2552ba0de273e1dfe7d453c5b3efed751a3', 'f411e58cd510f8a2b980b2f1932003a0c0e9f8f3', '06e2be4e2019b6fa714e1fcb34485860ef1ede79']",0.6666666666666666,0.6666666666666666,0.6666666666666666,False,0.2857142857142857,4096,True,3
"[""feat"", ""refactor"", ""test"", ""build""]","[""feat"", ""refactor"", ""build""]",1.1029610633850098,"['b282e90e2cbb74559aab79eee8443a4d7c85502a', '1db13ec43727aca872a0f3836e4023ed85db665e', '37b1cbfd3d2c462ef4f2a131e4172c38dc8d9ddf']",0.75,1.0,0.8571428571428571,False,0.1428571428571428,4096,True,3
"[""feat"", ""refactor"", ""ci"", ""build""]","[""fix"", ""feat"", ""ci""]",1.023261785507202,"['d129eaf9125a967ac86c6c7276bbae6b4d50af36', 'fd8e563cc19ca4684885d4692acee6bebcca4ada', '173553c0372e66e03bdab19e0e6c2dd44daa14a0']",0.5,0.6666666666666666,0.5714285714285715,False,0.4285714285714285,4096,True,3
"[""feat"", ""docs"", ""test"", ""refactor""]","[""docs"", ""refactor"", ""test""]",0.9048147201538086,"['036a0ff49a7dade0e04c9c07071a1ff49133ee24', '63eab619e6166eb6cab948028a7b89bf059dd878', '229b53a632ea97d47c4be11f096bdd828fb415d8']",0.75,1.0,0.8571428571428571,False,0.1428571428571428,4096,True,3
"[""fix"", ""ci"", ""refactor""]","[""test"", ""ci"", ""feat""]",0.9428656101226808,"['c7b25726df94a2530c9b1c0d2b6a0acaa103822f', '32845e1bbd1efb5dbc16f671049509a409ba25ce', 'b282e90e2cbb74559aab79eee8443a4d7c85502a']",0.3333333333333333,0.3333333333333333,0.3333333333333333,False,0.5714285714285714,4096,True,3
"[""feat"", ""refactor"", ""ci"", ""build"", ""test"", ""docs""]","[""feat"", ""build"", ""refactor""]",0.9968719482421876,"['f9a094918b62534614c47aa8a13f33aec751a1e0', '5b81fde8a72cf2e69a10e9f5c4f0bea0a2b8c3e0', '36556bf8e0bce4ab6d26eafacbdad04d9614a5d7']",0.5,1.0,0.6666666666666666,False,0.4285714285714285,4096,True,3
"[""feat"", ""build"", ""ci"", ""refactor""]","[""feat"", ""build"", ""docs""]",1.0335423946380615,"['e137f9fdbdb6bf3f85c3f7ac9323785e445844c8', '37b1cbfd3d2c462ef4f2a131e4172c38dc8d9ddf', 'e12d9e77a6fd531a22325337838a841b1c67f00d']",0.5,0.6666666666666666,0.5714285714285715,False,0.4285714285714285,4096,True,3
"[""fix"", ""refactor"", ""ci""]","[""build"", ""refactor"", ""ci""]",0.721275806427002,"['f00a4d3e307b89842250358ee432e6800bb24362', '36556bf8e0bce4ab6d26eafacbdad04d9614a5d7', '4cbbd2552ba0de273e1dfe7d453c5b3efed751a3']",0.6666666666666666,0.6666666666666666,0.6666666666666666,False,0.2857142857142857,4096,True,3
"[""docs"", ""build""]","[""docs"", ""ci"", ""build""]",0.8934648036956787,"['cb1f48b56ae0de93acb72e48726c7d610a1d538e', 'e96487ad7ce90b141219d9032fa2bed68d5dae6a', '454003841aabeb74396d73541378bfa59c75b5db']",1.0,0.6666666666666666,0.8,False,0.1428571428571428,4096,True,3
"[""fix"", ""test"", ""build""]","[""fix"", ""test"", ""build""]",0.6940288543701172,"['d129eaf9125a967ac86c6c7276bbae6b4d50af36', 'e2e8ad25854bd1e7cdbc7f50b50bbd99e04ad47d', '1269431c8a3e7549f10fcbbb4b88ff625c8898b3']",1.0,1.0,1.0,True,0.0,4096,True,3
"[""feat"", ""docs"", ""refactor"", ""test"", ""ci"", ""build""]","[""refactor"", ""docs"", ""feat""]",1.0953457355499268,"['2954a0955ce9af6acb345ed1e8328e145ad30475', 'a52a585d74894b3b4eeb8c784fa089ff95cddad0', 'b282e90e2cbb74559aab79eee8443a4d7c85502a']",0.5,1.0,0.6666666666666666,False,0.4285714285714285,4096,True,3
"[""fix"", ""refactor"", ""test""]","[""docs"", ""refactor"", ""test""]",0.9523019790649414,"['0cfc5633d37ea06f645649138323f1820e18bdee', '1db13ec43727aca872a0f3836e4023ed85db665e', 'bedc7950b24c37809e36a585b7985d5aa5e3e458']",0.6666666666666666,0.6666666666666666,0.6666666666666666,False,0.2857142857142857,4096,True,3
"[""fix"", ""build"", ""test""]","[""fix"", ""docs"", ""test""]",0.658632755279541,"['933ab6bb86372913c992567cf9660009900911a7', '0cfc5633d37ea06f645649138323f1820e18bdee', 'c7b25726df94a2530c9b1c0d2b6a0acaa103822f']",0.6666666666666666,0.6666666666666666,0.6666666666666666,False,0.2857142857142857,4096,True,3
"[""refactor"", ""ci"", ""test""]","[""refactor"", ""ci"", ""test""]",0.7120232582092285,"['36556bf8e0bce4ab6d26eafacbdad04d9614a5d7', '6c9cb638cb4d1ecc42632fcf389c24898c5b3244', '229b53a632ea97d47c4be11f096bdd828fb415d8']",1.0,1.0,1.0,True,0.0,4096,True,3
"[""ci"", ""test"", ""docs""]","[""ci"", ""test"", ""docs""]",0.8160257339477539,"['c5fa7b80438fbd74f4c341f0d3c9bd9e0f4910da', '229b53a632ea97d47c4be11f096bdd828fb415d8', 'aca23027da1295c78fdf42ba9687d8ccc88784d7']",1.0,1.0,1.0,True,0.0,4096,True,3
"[""feat"", ""build"", ""refactor""]","[""feat"", ""docs"", ""fix""]",0.7972383499145508,"['f823cf28652987d43c8324b4f5b203240032383a', '0cfc5633d37ea06f645649138323f1820e18bdee', '9ef5c0d14193a9abb09b39856f58477d1f4b0d77']",0.3333333333333333,0.3333333333333333,0.3333333333333333,False,0.5714285714285714,4096,True,3
"[""test"", ""build""]","[""test"", ""fix"", ""build""]",0.6960611343383789,"['317f4eefecddfb1392ca71d551840f446feee302', '06e2be4e2019b6fa714e1fcb34485860ef1ede79', 'c55591ba157298a9c5816693c102a89dfd058830']",1.0,0.6666666666666666,0.8,False,0.1428571428571428,4096,True,3
"[""feat"", ""refactor"", ""docs"", ""build""]","[""feat"", ""docs"", ""refactor""]",0.9351687431335448,"['e137f9fdbdb6bf3f85c3f7ac9323785e445844c8', 'bf83c9155e9bee6925aa7102fab53fb803d52533', '36556bf8e0bce4ab6d26eafacbdad04d9614a5d7']",0.75,1.0,0.8571428571428571,False,0.1428571428571428,4096,True,3
"[""feat"", ""build"", ""refactor""]","[""fix"", ""ci"", ""build""]",0.671882152557373,"['d129eaf9125a967ac86c6c7276bbae6b4d50af36', '6c9cb638cb4d1ecc42632fcf389c24898c5b3244', 'c44cf88a6ec54e5ddd99d8348bcc57b301ec7945']",0.3333333333333333,0.3333333333333333,0.3333333333333333,False,0.5714285714285714,4096,True,3
"[""fix"", ""feat"", ""docs""]","[""fix"", ""refactor"", ""docs""]",0.691673755645752,"['2561f4ade46fc9d59f289f328cc77733a6443697', '2954a0955ce9af6acb345ed1e8328e145ad30475', 'a52a585d74894b3b4eeb8c784fa089ff95cddad0']",0.6666666666666666,0.6666666666666666,0.6666666666666666,False,0.2857142857142857,4096,True,3
"[""build"", ""fix""]","[""build"", ""feat"", ""fix""]",0.5583333969116211,"['c55591ba157298a9c5816693c102a89dfd058830', 'dc5238b2bda98a7c4f2fe9584fc3b0191a408109', '9be725fa3906323d4bc9788f54eccf74109d632b']",1.0,0.6666666666666666,0.8,False,0.1428571428571428,4096,True,3
"[""test"", ""refactor"", ""feat""]","[""test"", ""refactor"", ""feat""]",0.9179134368896484,"['229b53a632ea97d47c4be11f096bdd828fb415d8', '36556bf8e0bce4ab6d26eafacbdad04d9614a5d7', 'ded26d768ff432ad3bde3c0aa1e95ce50726100a']",1.0,1.0,1.0,True,0.0,4096,True,3
"[""test"", ""ci"", ""build""]","[""test"", ""build"", ""ci""]",0.847320556640625,"['e0198f74b81da3663144cfe1d971939319f82a0f', 'c55591ba157298a9c5816693c102a89dfd058830', 'e7a67d88173566be3cd3aed7e9eeb7e29aabbc57']",1.0,1.0,1.0,True,0.0,4096,True,3
"[""feat"", ""test"", ""refactor"", ""docs""]","[""test"", ""fix"", ""docs""]",0.8917193412780762,"['bedc7950b24c37809e36a585b7985d5aa5e3e458', '933ab6bb86372913c992567cf9660009900911a7', '6d405dfc1675dcad64a2dfac0c0cb0fb28381d21']",0.5,0.6666666666666666,0.5714285714285715,False,0.4285714285714285,4096,True,3
"[""fix"", ""refactor"", ""test""]","[""fix"", ""build"", ""test""]",0.7958078384399414,"['d129eaf9125a967ac86c6c7276bbae6b4d50af36', '32b92cfa0b74a6c25990e32ac6aab12b8496794c', '317f4eefecddfb1392ca71d551840f446feee302']",0.6666666666666666,0.6666666666666666,0.6666666666666666,False,0.2857142857142857,4096,True,3
"[""feat"", ""fix"", ""ci""]","[""feat"", ""fix"", ""ci""]",0.907163143157959,"['f823cf28652987d43c8324b4f5b203240032383a', '9be725fa3906323d4bc9788f54eccf74109d632b', '32845e1bbd1efb5dbc16f671049509a409ba25ce']",1.0,1.0,1.0,True,0.0,4096,True,3
"[""feat"", ""build"", ""docs""]","[""fix"", ""docs"", ""build""]",0.7432706356048584,"['9ef5c0d14193a9abb09b39856f58477d1f4b0d77', 'a52a585d74894b3b4eeb8c784fa089ff95cddad0', '37b1cbfd3d2c462ef4f2a131e4172c38dc8d9ddf']",0.6666666666666666,0.6666666666666666,0.6666666666666666,False,0.2857142857142857,4096,True,3
"[""feat"", ""ci"", ""docs""]","[""fix"", ""ci"", ""docs""]",0.6909289360046387,"['87d5d4e55ab7149b593d29410f1fe426ba2447d4', '4cbbd2552ba0de273e1dfe7d453c5b3efed751a3', '6d405dfc1675dcad64a2dfac0c0cb0fb28381d21']",0.6666666666666666,0.6666666666666666,0.6666666666666666,False,0.2857142857142857,4096,True,3
"[""feat"", ""docs""]","[""feat"", ""docs"", ""fix""]",0.9123754501342772,"['fd8e563cc19ca4684885d4692acee6bebcca4ada', 'cb1f48b56ae0de93acb72e48726c7d610a1d538e', 'bed78248c941d57ad4cc20a455147e186e97c7a1']",1.0,0.6666666666666666,0.8,False,0.1428571428571428,4096,True,3
"[""refactor"", ""feat""]","[""feat"", ""fix"", ""refactor""]",0.8967146873474121,"['1bcf88670b50155b50071e707f98f30cea0b7a24', '9ef5c0d14193a9abb09b39856f58477d1f4b0d77', '062daa45cbd5dba6e96e95d8cdcaee89ae30a83c']",1.0,0.6666666666666666,0.8,False,0.1428571428571428,4096,True,3
"[""fix"", ""docs"", ""build"", ""test""]","[""fix"", ""docs"", ""test""]",0.8779535293579102,"['bed78248c941d57ad4cc20a455147e186e97c7a1', 'a52a585d74894b3b4eeb8c784fa089ff95cddad0', 'e9617f0854030e70365eb264bcb3b58078e79e9e']",0.75,1.0,0.8571428571428571,False,0.1428571428571428,4096,True,3
"[""docs"", ""ci"", ""refactor""]","[""docs"", ""ci"", ""feat""]",0.8208937644958496,"['c2ee5cd5e709afd15c5565ee009a0d204403a119', 'dbb537a26e388a8d7d17faf131abc30c2f7a84e6', 'ded26d768ff432ad3bde3c0aa1e95ce50726100a']",0.6666666666666666,0.6666666666666666,0.6666666666666666,False,0.2857142857142857,4096,True,3
"[""build"", ""refactor""]","[""build"", ""ci"", ""refactor""]",0.8592219352722168,"['454003841aabeb74396d73541378bfa59c75b5db', 'dbb537a26e388a8d7d17faf131abc30c2f7a84e6', '062daa45cbd5dba6e96e95d8cdcaee89ae30a83c']",1.0,0.6666666666666666,0.8,False,0.1428571428571428,4096,True,3
"[""feat"", ""test"", ""ci"", ""build"", ""docs"", ""refactor""]","[""feat"", ""fix"", ""test""]",1.1457371711730957,"['fd8e563cc19ca4684885d4692acee6bebcca4ada', 'd1d55e787b7d07f763852602b9939a5394607fd9', 'b7ce2894fd1794064bd6db4ed730bb6cb7728739']",0.3333333333333333,0.6666666666666666,0.4444444444444444,False,0.7142857142857143,4096,True,3
"[""docs"", ""test"", ""ci"", ""build""]","[""docs"", ""test"", ""build""]",0.8387758731842041,"['bf83c9155e9bee6925aa7102fab53fb803d52533', 'b7ce2894fd1794064bd6db4ed730bb6cb7728739', '37b1cbfd3d2c462ef4f2a131e4172c38dc8d9ddf']",0.75,1.0,0.8571428571428571,False,0.1428571428571428,4096,True,3
"[""feat"", ""ci"", ""test""]","[""fix"", ""ci"", ""test""]",0.8504407405853271,"['d129eaf9125a967ac86c6c7276bbae6b4d50af36', 'e7a67d88173566be3cd3aed7e9eeb7e29aabbc57', '317f4eefecddfb1392ca71d551840f446feee302']",0.6666666666666666,0.6666666666666666,0.6666666666666666,False,0.2857142857142857,4096,True,3
"[""docs"", ""build"", ""refactor""]","[""docs"", ""fix"", ""ci""]",0.714547872543335,"['c2ee5cd5e709afd15c5565ee009a0d204403a119', 'd1d55e787b7d07f763852602b9939a5394607fd9', '6c9cb638cb4d1ecc42632fcf389c24898c5b3244']",0.3333333333333333,0.3333333333333333,0.3333333333333333,False,0.5714285714285714,4096,True,3
"[""ci"", ""refactor"", ""docs""]","[""ci"", ""fix"", ""docs""]",0.6755053997039795,"['dbb537a26e388a8d7d17faf131abc30c2f7a84e6', 'c8e0ae8612df3d6f2831acc004aaac332f6105e4', 'e12d9e77a6fd531a22325337838a841b1c67f00d']",0.6666666666666666,0.6666666666666666,0.6666666666666666,False,0.2857142857142857,4096,True,3
"[""build"", ""docs"", ""feat"", ""refactor"", ""test""]","[""build"", ""docs"", ""refactor""]",0.9218757152557372,"['c55591ba157298a9c5816693c102a89dfd058830', 'c2ee5cd5e709afd15c5565ee009a0d204403a119', 'a62314d9bb632be6af026686615d14b912250512']",0.6,1.0,0.7499999999999999,False,0.2857142857142857,4096,True,3
"[""refactor"", ""ci"", ""build"", ""test"", ""docs"", ""feat"", ""fix""]","[""fix"", ""build"", ""refactor""]",1.2791733741760254,"['d1d55e787b7d07f763852602b9939a5394607fd9', '32b92cfa0b74a6c25990e32ac6aab12b8496794c', '062daa45cbd5dba6e96e95d8cdcaee89ae30a83c']",0.4285714285714285,1.0,0.6,False,0.5714285714285714,4096,True,3
"[""test"", ""ci"", ""build"", ""refactor""]","[""test"", ""docs"", ""build""]",0.8419394493103027,"['f411e58cd510f8a2b980b2f1932003a0c0e9f8f3', 'af880ac5b4fecbc6c4f3d1eee0d95f326e8bd9d1', '1269431c8a3e7549f10fcbbb4b88ff625c8898b3']",0.5,0.6666666666666666,0.5714285714285715,False,0.4285714285714285,4096,True,3
"[""feat"", ""test"", ""refactor"", ""build""]","[""feat"", ""fix"", ""test""]",0.8508868217468262,"['f9a094918b62534614c47aa8a13f33aec751a1e0', '87d5d4e55ab7149b593d29410f1fe426ba2447d4', '317f4eefecddfb1392ca71d551840f446feee302']",0.5,0.6666666666666666,0.5714285714285715,False,0.4285714285714285,4096,True,3
"[""test"", ""feat"", ""build""]","[""test"", ""fix"", ""feat""]",0.7250077724456787,"['229b53a632ea97d47c4be11f096bdd828fb415d8', 'c8e0ae8612df3d6f2831acc004aaac332f6105e4', 'f823cf28652987d43c8324b4f5b203240032383a']",0.6666666666666666,0.6666666666666666,0.6666666666666666,False,0.2857142857142857,4096,True,3
"[""feat"", ""fix"", ""refactor"", ""docs"", ""test"", ""ci"", ""build""]","[""feat"", ""fix"", ""docs""]",1.0789234638214111,"['dc5238b2bda98a7c4f2fe9584fc3b0191a408109', '06e2be4e2019b6fa714e1fcb34485860ef1ede79', 'af880ac5b4fecbc6c4f3d1eee0d95f326e8bd9d1']",0.4285714285714285,1.0,0.6,False,0.5714285714285714,4096,True,3
"[""ci"", ""feat"", ""refactor"", ""test""]","[""ci"", ""docs"", ""test""]",0.8735761642456055,"['173553c0372e66e03bdab19e0e6c2dd44daa14a0', 'e12d9e77a6fd531a22325337838a841b1c67f00d', 'c7b25726df94a2530c9b1c0d2b6a0acaa103822f']",0.5,0.6666666666666666,0.5714285714285715,False,0.4285714285714285,4096,True,3
"[""ci"", ""refactor"", ""docs""]","[""ci"", ""fix"", ""docs""]",0.6982271671295166,"['dbb537a26e388a8d7d17faf131abc30c2f7a84e6', '2561f4ade46fc9d59f289f328cc77733a6443697', 'e12d9e77a6fd531a22325337838a841b1c67f00d']",0.6666666666666666,0.6666666666666666,0.6666666666666666,False,0.2857142857142857,4096,True,3
"[""feat"", ""test"", ""ci"", ""build""]","[""feat"", ""fix"", ""test""]",0.8415770530700684,"['f823cf28652987d43c8324b4f5b203240032383a', '9ef5c0d14193a9abb09b39856f58477d1f4b0d77', '229b53a632ea97d47c4be11f096bdd828fb415d8']",0.5,0.6666666666666666,0.5714285714285715,False,0.4285714285714285,4096,True,3
"[""feat"", ""ci"", ""refactor"", ""docs"", ""test"", ""build""]","[""docs"", ""ci"", ""feat""]",1.1892259120941162,"['6d405dfc1675dcad64a2dfac0c0cb0fb28381d21', '173553c0372e66e03bdab19e0e6c2dd44daa14a0', 'b282e90e2cbb74559aab79eee8443a4d7c85502a']",0.5,1.0,0.6666666666666666,False,0.4285714285714285,4096,True,3
"[""ci"", ""docs"", ""feat"", ""refactor""]","[""ci"", ""docs"", ""build""]",0.8963124752044678,"['c5fa7b80438fbd74f4c341f0d3c9bd9e0f4910da', '036a0ff49a7dade0e04c9c07071a1ff49133ee24', 'c44cf88a6ec54e5ddd99d8348bcc57b301ec7945']",0.5,0.6666666666666666,0.5714285714285715,False,0.4285714285714285,4096,True,3
"[""ci"", ""refactor"", ""build""]","[""ci"", ""feat"", ""build""]",1.0013186931610107,"['32845e1bbd1efb5dbc16f671049509a409ba25ce', 'b282e90e2cbb74559aab79eee8443a4d7c85502a', '37b1cbfd3d2c462ef4f2a131e4172c38dc8d9ddf']",0.6666666666666666,0.6666666666666666,0.6666666666666666,False,0.2857142857142857,4096,True,3
"[""test"", ""build"", ""feat"", ""fix""]","[""test"", ""build"", ""fix"", ""feat""]",0.9077346324920654,"['e0198f74b81da3663144cfe1d971939319f82a0f', 'f00a4d3e307b89842250358ee432e6800bb24362', 'd129eaf9125a967ac86c6c7276bbae6b4d50af36', 'dc5238b2bda98a7c4f2fe9584fc3b0191a408109']",1.0,1.0,1.0,True,0.0,4096,True,4
"[""ci"", ""docs"", ""feat"", ""refactor"", ""test""]","[""ci"", ""build"", ""test"", ""docs""]",1.0504214763641355,"['c5fa7b80438fbd74f4c341f0d3c9bd9e0f4910da', '1269431c8a3e7549f10fcbbb4b88ff625c8898b3', 'e2e8ad25854bd1e7cdbc7f50b50bbd99e04ad47d', '036a0ff49a7dade0e04c9c07071a1ff49133ee24']",0.6,0.75,0.6666666666666665,False,0.4285714285714285,4096,True,4
"[""refactor"", ""docs"", ""test""]","[""refactor"", ""feat"", ""docs"", ""test""]",0.8519046306610107,"['3cca5c314ad6feeffbfe1f14cf49ebd0fd9a95a2', 'dc5238b2bda98a7c4f2fe9584fc3b0191a408109', 'aca23027da1295c78fdf42ba9687d8ccc88784d7', '229b53a632ea97d47c4be11f096bdd828fb415d8']",1.0,0.75,0.8571428571428571,False,0.1428571428571428,4096,True,4
"[""fix"", ""build"", ""refactor"", ""test""]","[""fix"", ""test"", ""build"", ""refactor""]",0.9544122219085692,"['d1d55e787b7d07f763852602b9939a5394607fd9', 'bedc7950b24c37809e36a585b7985d5aa5e3e458', 'c55591ba157298a9c5816693c102a89dfd058830', '535708ae50aecb452560a23356fd396f99ef13a2']",1.0,1.0,1.0,True,0.0,4096,True,4
"[""feat"", ""refactor"", ""docs"", ""build"", ""test"", ""ci""]","[""docs"", ""build"", ""ci"", ""feat""]",1.2833600044250488,"['a52a585d74894b3b4eeb8c784fa089ff95cddad0', '1269431c8a3e7549f10fcbbb4b88ff625c8898b3', '45837af24a33308a70a3454f0f650f9fe728e272', 'e137f9fdbdb6bf3f85c3f7ac9323785e445844c8']",0.6666666666666666,1.0,0.8,False,0.2857142857142857,4096,True,4
"[""feat"", ""fix"", ""test"", ""ci"", ""docs""]","[""test"", ""fix"", ""refactor"", ""ci""]",1.1200695037841797,"['e9617f0854030e70365eb264bcb3b58078e79e9e', 'bed78248c941d57ad4cc20a455147e186e97c7a1', '535708ae50aecb452560a23356fd396f99ef13a2', 'c5fa7b80438fbd74f4c341f0d3c9bd9e0f4910da']",0.6,0.75,0.6666666666666665,False,0.4285714285714285,4096,True,4
"[""ci"", ""feat"", ""refactor"", ""build""]","[""ci"", ""fix"", ""feat"", ""refactor""]",1.067298173904419,"['e7a67d88173566be3cd3aed7e9eeb7e29aabbc57', 'bed78248c941d57ad4cc20a455147e186e97c7a1', 'f823cf28652987d43c8324b4f5b203240032383a', '2954a0955ce9af6acb345ed1e8328e145ad30475']",0.75,0.75,0.75,False,0.2857142857142857,4096,True,4
"[""docs"", ""ci"", ""test"", ""refactor""]","[""docs"", ""ci"", ""test"", ""refactor""]",1.1660778522491455,"['aca23027da1295c78fdf42ba9687d8ccc88784d7', '74e9de5ec97dc013a52aa063dff0f40ac74c407b', '317f4eefecddfb1392ca71d551840f446feee302', '3cca5c314ad6feeffbfe1f14cf49ebd0fd9a95a2']",1.0,1.0,1.0,True,0.0,4096,True,4
"[""fix"", ""feat"", ""build"", ""ci"", ""test"", ""docs""]","[""fix"", ""feat"", ""build"", ""docs""]",1.1184139251708984,"['9be725fa3906323d4bc9788f54eccf74109d632b', 'e137f9fdbdb6bf3f85c3f7ac9323785e445844c8', 'c323d59c607cabc91f17a78528d998f376f30b10', '0cfc5633d37ea06f645649138323f1820e18bdee']",0.6666666666666666,1.0,0.8,False,0.2857142857142857,4096,True,4
"[""fix"", ""feat"", ""test"", ""ci"", ""build"", ""docs"", ""refactor""]","[""docs"", ""feat"", ""test"", ""fix""]",1.2675549983978271,"['0cfc5633d37ea06f645649138323f1820e18bdee', '1bcf88670b50155b50071e707f98f30cea0b7a24', '229b53a632ea97d47c4be11f096bdd828fb415d8', '87d5d4e55ab7149b593d29410f1fe426ba2447d4']",0.5714285714285714,1.0,0.7272727272727273,False,0.4285714285714285,4096,True,4
"[""build"", ""refactor"", ""test""]","[""build"", ""refactor"", ""test"", ""ci""]",0.8774497509002686,"['c55591ba157298a9c5816693c102a89dfd058830', '062daa45cbd5dba6e96e95d8cdcaee89ae30a83c', 'c7b25726df94a2530c9b1c0d2b6a0acaa103822f', 'dbb537a26e388a8d7d17faf131abc30c2f7a84e6']",1.0,0.75,0.8571428571428571,False,0.1428571428571428,4096,True,4
"[""feat"", ""fix"", ""refactor"", ""test"", ""ci"", ""build"", ""docs""]","[""feat"", ""fix"", ""test"", ""refactor""]",1.129636287689209,"['dc5238b2bda98a7c4f2fe9584fc3b0191a408109', 'c8e0ae8612df3d6f2831acc004aaac332f6105e4', 'f411e58cd510f8a2b980b2f1932003a0c0e9f8f3', '47ef9104e4a89e80d7cc6c1950bc080841da4a7b']",0.5714285714285714,1.0,0.7272727272727273,False,0.4285714285714285,4096,True,4
"[""feat"", ""docs"", ""test"", ""ci"", ""build""]","[""refactor"", ""docs"", ""test"", ""ci""]",1.1355535984039309,"['63eab619e6166eb6cab948028a7b89bf059dd878', 'aca23027da1295c78fdf42ba9687d8ccc88784d7', 'f411e58cd510f8a2b980b2f1932003a0c0e9f8f3', 'e7a67d88173566be3cd3aed7e9eeb7e29aabbc57']",0.6,0.75,0.6666666666666665,False,0.4285714285714285,4096,True,4
"[""feat"", ""docs"", ""refactor"", ""test"", ""ci"", ""build""]","[""docs"", ""refactor"", ""test"", ""fix""]",1.249605655670166,"['aca23027da1295c78fdf42ba9687d8ccc88784d7', '062daa45cbd5dba6e96e95d8cdcaee89ae30a83c', 'b7ce2894fd1794064bd6db4ed730bb6cb7728739', '06e2be4e2019b6fa714e1fcb34485860ef1ede79']",0.5,0.75,0.6,False,0.5714285714285714,4096,True,4
"[""test"", ""docs"", ""build"", ""ci"", ""feat""]","[""test"", ""docs"", ""build"", ""ci""]",1.2067468166351318,"['317f4eefecddfb1392ca71d551840f446feee302', 'aca23027da1295c78fdf42ba9687d8ccc88784d7', 'f00a4d3e307b89842250358ee432e6800bb24362', '32845e1bbd1efb5dbc16f671049509a409ba25ce']",0.8,1.0,0.888888888888889,False,0.1428571428571428,4096,True,4
"[""refactor"", ""test""]","[""fix"", ""refactor"", ""docs"", ""test""]",0.717872142791748,"['933ab6bb86372913c992567cf9660009900911a7', '3cca5c314ad6feeffbfe1f14cf49ebd0fd9a95a2', 'a52a585d74894b3b4eeb8c784fa089ff95cddad0', '229b53a632ea97d47c4be11f096bdd828fb415d8']",1.0,0.5,0.6666666666666666,False,0.2857142857142857,4096,True,4
"[""feat"", ""docs"", ""build"", ""ci""]","[""refactor"", ""ci"", ""docs"", ""build""]",0.9077470302581788,"['63eab619e6166eb6cab948028a7b89bf059dd878', '6c9cb638cb4d1ecc42632fcf389c24898c5b3244', 'a52a585d74894b3b4eeb8c784fa089ff95cddad0', 'c55591ba157298a9c5816693c102a89dfd058830']",0.75,0.75,0.75,False,0.2857142857142857,4096,True,4
"[""ci"", ""test"", ""build"", ""feat"", ""refactor"", ""docs""]","[""ci"", ""build"", ""test"", ""fix""]",1.3145222663879397,"['173553c0372e66e03bdab19e0e6c2dd44daa14a0', 'c55591ba157298a9c5816693c102a89dfd058830', '8ee0611fbf0cd89abe7ae588f22e6ecb843598ea', '87d5d4e55ab7149b593d29410f1fe426ba2447d4']",0.5,0.75,0.6,False,0.5714285714285714,4096,True,4
"[""ci"", ""feat"", ""refactor"", ""build""]","[""ci"", ""build"", ""feat"", ""fix""]",1.0522854328155518,"['32845e1bbd1efb5dbc16f671049509a409ba25ce', '32b92cfa0b74a6c25990e32ac6aab12b8496794c', 'fd8e563cc19ca4684885d4692acee6bebcca4ada', '933ab6bb86372913c992567cf9660009900911a7']",0.75,0.75,0.75,False,0.2857142857142857,4096,True,4
"[""test"", ""ci"", ""refactor"", ""feat"", ""build""]","[""test"", ""build"", ""fix"", ""feat""]",1.3359732627868652,"['317f4eefecddfb1392ca71d551840f446feee302', '454003841aabeb74396d73541378bfa59c75b5db', '933ab6bb86372913c992567cf9660009900911a7', '6ed56ce9ae743ba9a87e6c9643cc06b1de7b748d']",0.6,0.75,0.6666666666666665,False,0.4285714285714285,4096,True,4
"[""fix"", ""feat"", ""test"", ""refactor""]","[""fix"", ""docs"", ""test"", ""refactor""]",0.951000452041626,"['d1d55e787b7d07f763852602b9939a5394607fd9', '6d405dfc1675dcad64a2dfac0c0cb0fb28381d21', 'e0198f74b81da3663144cfe1d971939319f82a0f', '36556bf8e0bce4ab6d26eafacbdad04d9614a5d7']",0.75,0.75,0.75,False,0.2857142857142857,4096,True,4
"[""ci"", ""feat"", ""refactor"", ""test""]","[""ci"", ""docs"", ""build"", ""feat""]",0.9736061096191406,"['e7a67d88173566be3cd3aed7e9eeb7e29aabbc57', '6d405dfc1675dcad64a2dfac0c0cb0fb28381d21', 'c44cf88a6ec54e5ddd99d8348bcc57b301ec7945', 'f9a094918b62534614c47aa8a13f33aec751a1e0']",0.5,0.5,0.5,False,0.5714285714285714,4096,True,4
"[""feat"", ""fix"", ""test"", ""refactor"", ""docs""]","[""fix"", ""test"", ""feat"", ""docs""]",1.2330987453460691,"['2561f4ade46fc9d59f289f328cc77733a6443697', 'e0198f74b81da3663144cfe1d971939319f82a0f', '1bcf88670b50155b50071e707f98f30cea0b7a24', '6d405dfc1675dcad64a2dfac0c0cb0fb28381d21']",0.8,1.0,0.888888888888889,False,0.1428571428571428,4096,True,4
"[""ci"", ""test"", ""refactor""]","[""ci"", ""fix"", ""test"", ""docs""]",0.7531008720397949,"['4cbbd2552ba0de273e1dfe7d453c5b3efed751a3', '933ab6bb86372913c992567cf9660009900911a7', 'b7ce2894fd1794064bd6db4ed730bb6cb7728739', 'af880ac5b4fecbc6c4f3d1eee0d95f326e8bd9d1']",0.6666666666666666,0.5,0.5714285714285715,False,0.4285714285714285,4096,True,4
"[""feat"", ""refactor"", ""ci"", ""build"", ""docs"", ""test""]","[""feat"", ""ci"", ""refactor"", ""fix""]",1.2415928840637207,"['f823cf28652987d43c8324b4f5b203240032383a', '45837af24a33308a70a3454f0f650f9fe728e272', '36556bf8e0bce4ab6d26eafacbdad04d9614a5d7', 'bed78248c941d57ad4cc20a455147e186e97c7a1']",0.5,0.75,0.6,False,0.5714285714285714,4096,True,4
"[""feat"", ""fix"", ""refactor"", ""docs"", ""test"", ""ci"", ""build""]","[""refactor"", ""feat"", ""docs"", ""build""]",1.3898005485534668,"['63eab619e6166eb6cab948028a7b89bf059dd878', 'e137f9fdbdb6bf3f85c3f7ac9323785e445844c8', 'a52a585d74894b3b4eeb8c784fa089ff95cddad0', 'f00a4d3e307b89842250358ee432e6800bb24362']",0.5714285714285714,1.0,0.7272727272727273,False,0.4285714285714285,4096,True,4
"[""build"", ""test"", ""refactor"", ""ci""]","[""build"", ""test"", ""ci"", ""refactor""]",1.1928260326385498,"['1269431c8a3e7549f10fcbbb4b88ff625c8898b3', '8ee0611fbf0cd89abe7ae588f22e6ecb843598ea', '45837af24a33308a70a3454f0f650f9fe728e272', '63eab619e6166eb6cab948028a7b89bf059dd878']",1.0,1.0,1.0,True,0.0,4096,True,4
"[""build"", ""docs"", ""feat"", ""refactor"", ""test""]","[""build"", ""docs"", ""feat"", ""fix""]",1.157976150512695,"['37b1cbfd3d2c462ef4f2a131e4172c38dc8d9ddf', '6d405dfc1675dcad64a2dfac0c0cb0fb28381d21', 'b282e90e2cbb74559aab79eee8443a4d7c85502a', '2561f4ade46fc9d59f289f328cc77733a6443697']",0.6,0.75,0.6666666666666665,False,0.4285714285714285,4096,True,4
"[""build"", ""test"", ""ci"", ""refactor""]","[""build"", ""test"", ""ci"", ""feat""]",1.2240757942199707,"['c55591ba157298a9c5816693c102a89dfd058830', '317f4eefecddfb1392ca71d551840f446feee302', 'c5fa7b80438fbd74f4c341f0d3c9bd9e0f4910da', '6ed56ce9ae743ba9a87e6c9643cc06b1de7b748d']",0.75,0.75,0.75,False,0.2857142857142857,4096,True,4
"[""refactor"", ""build"", ""docs"", ""test"", ""ci"", ""feat"", ""fix""]","[""fix"", ""build"", ""docs"", ""refactor""]",1.2900452613830566,"['933ab6bb86372913c992567cf9660009900911a7', '5b81fde8a72cf2e69a10e9f5c4f0bea0a2b8c3e0', 'c2ee5cd5e709afd15c5565ee009a0d204403a119', '3cca5c314ad6feeffbfe1f14cf49ebd0fd9a95a2']",0.5714285714285714,1.0,0.7272727272727273,False,0.4285714285714285,4096,True,4
"[""refactor"", ""feat"", ""docs"", ""test"", ""ci""]","[""fix"", ""feat"", ""docs"", ""ci""]",0.9802110195159912,"['933ab6bb86372913c992567cf9660009900911a7', 'dc5238b2bda98a7c4f2fe9584fc3b0191a408109', '036a0ff49a7dade0e04c9c07071a1ff49133ee24', 'e7a67d88173566be3cd3aed7e9eeb7e29aabbc57']",0.6,0.75,0.6666666666666665,False,0.4285714285714285,4096,True,4
"[""fix"", ""feat"", ""refactor"", ""docs"", ""test"", ""ci"", ""build""]","[""docs"", ""fix"", ""feat"", ""refactor""]",1.1193816661834717,"['af880ac5b4fecbc6c4f3d1eee0d95f326e8bd9d1', 'c8e0ae8612df3d6f2831acc004aaac332f6105e4', 'f9a094918b62534614c47aa8a13f33aec751a1e0', '47ef9104e4a89e80d7cc6c1950bc080841da4a7b']",0.5714285714285714,1.0,0.7272727272727273,False,0.4285714285714285,4096,True,4
"[""feat"", ""refactor"", ""ci"", ""build""]","[""fix"", ""build"", ""feat"", ""ci""]",1.1270864009857178,"['d129eaf9125a967ac86c6c7276bbae6b4d50af36', '1269431c8a3e7549f10fcbbb4b88ff625c8898b3', 'e137f9fdbdb6bf3f85c3f7ac9323785e445844c8', '173553c0372e66e03bdab19e0e6c2dd44daa14a0']",0.75,0.75,0.75,False,0.2857142857142857,4096,True,4
"[""feat"", ""fix"", ""refactor"", ""build""]","[""feat"", ""refactor"", ""test"", ""build""]",0.8366835117340088,"['dc5238b2bda98a7c4f2fe9584fc3b0191a408109', '771857b1df9470ebc15357e8879118a72c649d5b', 'b7ce2894fd1794064bd6db4ed730bb6cb7728739', 'c323d59c607cabc91f17a78528d998f376f30b10']",0.75,0.75,0.75,False,0.2857142857142857,4096,True,4
"[""build"", ""test"", ""fix"", ""refactor"", ""ci""]","[""build"", ""test"", ""ci"", ""fix""]",1.0095319747924805,"['5b81fde8a72cf2e69a10e9f5c4f0bea0a2b8c3e0', 'b7ce2894fd1794064bd6db4ed730bb6cb7728739', '74e9de5ec97dc013a52aa063dff0f40ac74c407b', 'd129eaf9125a967ac86c6c7276bbae6b4d50af36']",0.8,1.0,0.888888888888889,False,0.1428571428571428,4096,True,4
"[""feat"", ""fix"", ""refactor"", ""build"", ""ci"", ""test""]","[""docs"", ""feat"", ""build"", ""ci""]",1.3208093643188477,"['af880ac5b4fecbc6c4f3d1eee0d95f326e8bd9d1', 'ded26d768ff432ad3bde3c0aa1e95ce50726100a', '454003841aabeb74396d73541378bfa59c75b5db', '4cbbd2552ba0de273e1dfe7d453c5b3efed751a3']",0.5,0.75,0.6,False,0.5714285714285714,4096,True,4
"[""docs"", ""feat"", ""build"", ""ci"", ""test""]","[""docs"", ""refactor"", ""ci"", ""build""]",1.025421142578125,"['036a0ff49a7dade0e04c9c07071a1ff49133ee24', '535708ae50aecb452560a23356fd396f99ef13a2', 'e7a67d88173566be3cd3aed7e9eeb7e29aabbc57', 'c55591ba157298a9c5816693c102a89dfd058830']",0.6,0.75,0.6666666666666665,False,0.4285714285714285,4096,True,4
"[""feat"", ""build"", ""refactor"", ""docs""]","[""refactor"", ""ci"", ""fix"", ""docs""]",0.8779816627502441,"['2954a0955ce9af6acb345ed1e8328e145ad30475', '6c9cb638cb4d1ecc42632fcf389c24898c5b3244', 'd1d55e787b7d07f763852602b9939a5394607fd9', '6d405dfc1675dcad64a2dfac0c0cb0fb28381d21']",0.5,0.5,0.5,False,0.5714285714285714,4096,True,4
"[""test"", ""ci"", ""docs"", ""feat""]","[""test"", ""ci"", ""docs"", ""feat""]",0.9232704639434814,"['229b53a632ea97d47c4be11f096bdd828fb415d8', '4cbbd2552ba0de273e1dfe7d453c5b3efed751a3', 'bf83c9155e9bee6925aa7102fab53fb803d52533', 'ded26d768ff432ad3bde3c0aa1e95ce50726100a']",1.0,1.0,1.0,True,0.0,4096,True,4
"[""feat"", ""fix"", ""refactor"", ""test"", ""ci"", ""build""]","[""refactor"", ""fix"", ""test"", ""feat""]",1.1859190464019775,"['47ef9104e4a89e80d7cc6c1950bc080841da4a7b', '9ef5c0d14193a9abb09b39856f58477d1f4b0d77', 'b7ce2894fd1794064bd6db4ed730bb6cb7728739', '1bcf88670b50155b50071e707f98f30cea0b7a24']",0.6666666666666666,1.0,0.8,False,0.2857142857142857,4096,True,4
"[""feat"", ""refactor"", ""ci"", ""build"", ""test"", ""docs""]","[""docs"", ""feat"", ""ci"", ""refactor""]",1.2827270030975342,"['e12d9e77a6fd531a22325337838a841b1c67f00d', 'fd8e563cc19ca4684885d4692acee6bebcca4ada', '173553c0372e66e03bdab19e0e6c2dd44daa14a0', '535708ae50aecb452560a23356fd396f99ef13a2']",0.6666666666666666,1.0,0.8,False,0.2857142857142857,4096,True,4
"[""refactor"", ""ci"", ""test""]","[""refactor"", ""feat"", ""docs"", ""ci""]",0.9736654758453368,"['1db13ec43727aca872a0f3836e4023ed85db665e', 'b282e90e2cbb74559aab79eee8443a4d7c85502a', 'e12d9e77a6fd531a22325337838a841b1c67f00d', '74e9de5ec97dc013a52aa063dff0f40ac74c407b']",0.6666666666666666,0.5,0.5714285714285715,False,0.4285714285714285,4096,True,4
"[""docs"", ""ci"", ""build"", ""test"", ""refactor""]","[""docs"", ""ci"", ""refactor"", ""test""]",1.131934404373169,"['aca23027da1295c78fdf42ba9687d8ccc88784d7', '74e9de5ec97dc013a52aa063dff0f40ac74c407b', '2954a0955ce9af6acb345ed1e8328e145ad30475', 'f411e58cd510f8a2b980b2f1932003a0c0e9f8f3']",0.8,1.0,0.888888888888889,False,0.1428571428571428,4096,True,4
"[""test"", ""ci"", ""fix"", ""refactor""]","[""test"", ""docs"", ""ci"", ""fix""]",0.8551132678985596,"['b7ce2894fd1794064bd6db4ed730bb6cb7728739', 'af880ac5b4fecbc6c4f3d1eee0d95f326e8bd9d1', '6c9cb638cb4d1ecc42632fcf389c24898c5b3244', 'd129eaf9125a967ac86c6c7276bbae6b4d50af36']",0.75,0.75,0.75,False,0.2857142857142857,4096,True,4
"[""ci"", ""test"", ""docs"", ""refactor"", ""feat""]","[""ci"", ""refactor"", ""test"", ""docs""]",1.1778450012207031,"['e7a67d88173566be3cd3aed7e9eeb7e29aabbc57', '36556bf8e0bce4ab6d26eafacbdad04d9614a5d7', '8ee0611fbf0cd89abe7ae588f22e6ecb843598ea', 'c2ee5cd5e709afd15c5565ee009a0d204403a119']",0.8,1.0,0.888888888888889,False,0.1428571428571428,4096,True,4
"[""feat"", ""fix"", ""docs"", ""test"", ""ci"", ""build""]","[""docs"", ""feat"", ""test"", ""build""]",1.252218246459961,"['0cfc5633d37ea06f645649138323f1820e18bdee', 'fd8e563cc19ca4684885d4692acee6bebcca4ada', 'e9617f0854030e70365eb264bcb3b58078e79e9e', '1269431c8a3e7549f10fcbbb4b88ff625c8898b3']",0.6666666666666666,1.0,0.8,False,0.2857142857142857,4096,True,4
"[""refactor"", ""test"", ""ci"", ""build"", ""feat"", ""fix"", ""docs""]","[""refactor"", ""feat"", ""test"", ""fix""]",1.334794998168945,"['47ef9104e4a89e80d7cc6c1950bc080841da4a7b', 'b282e90e2cbb74559aab79eee8443a4d7c85502a', 'e0198f74b81da3663144cfe1d971939319f82a0f', 'bed78248c941d57ad4cc20a455147e186e97c7a1']",0.5714285714285714,1.0,0.7272727272727273,False,0.4285714285714285,4096,True,4
"[""build"", ""ci"", ""docs"", ""feat"", ""refactor"", ""test""]","[""build"", ""ci"", ""fix"", ""refactor""]",1.415079116821289,"['454003841aabeb74396d73541378bfa59c75b5db', '173553c0372e66e03bdab19e0e6c2dd44daa14a0', 'd129eaf9125a967ac86c6c7276bbae6b4d50af36', '63eab619e6166eb6cab948028a7b89bf059dd878']",0.5,0.75,0.6,False,0.5714285714285714,4096,True,4
"[""feat"", ""test"", ""docs"", ""ci"", ""build"", ""refactor"", ""fix""]","[""test"", ""refactor"", ""docs"", ""feat""]",1.4349579811096191,"['e9617f0854030e70365eb264bcb3b58078e79e9e', '2954a0955ce9af6acb345ed1e8328e145ad30475', 'c2ee5cd5e709afd15c5565ee009a0d204403a119', '6ed56ce9ae743ba9a87e6c9643cc06b1de7b748d']",0.5714285714285714,1.0,0.7272727272727273,False,0.4285714285714285,4096,True,4
"[""build"", ""ci"", ""refactor"", ""test""]","[""build"", ""refactor"", ""fix"", ""ci""]",0.973196268081665,"['454003841aabeb74396d73541378bfa59c75b5db', 'a62314d9bb632be6af026686615d14b912250512', '06e2be4e2019b6fa714e1fcb34485860ef1ede79', '4cbbd2552ba0de273e1dfe7d453c5b3efed751a3']",0.75,0.75,0.75,False,0.2857142857142857,4096,True,4
"[""feat"", ""fix"", ""refactor"", ""docs"", ""test"", ""ci"", ""build""]","[""feat"", ""test"", ""refactor"", ""ci""]",1.2831645011901855,"['b282e90e2cbb74559aab79eee8443a4d7c85502a', 'e2e8ad25854bd1e7cdbc7f50b50bbd99e04ad47d', '63eab619e6166eb6cab948028a7b89bf059dd878', '6c9cb638cb4d1ecc42632fcf389c24898c5b3244']",0.5714285714285714,1.0,0.7272727272727273,False,0.4285714285714285,4096,True,4
"[""fix"", ""refactor"", ""ci"", ""test"", ""docs"", ""build""]","[""docs"", ""fix"", ""test"", ""refactor""]",1.173708438873291,"['0cfc5633d37ea06f645649138323f1820e18bdee', 'd1d55e787b7d07f763852602b9939a5394607fd9', 'e2e8ad25854bd1e7cdbc7f50b50bbd99e04ad47d', '062daa45cbd5dba6e96e95d8cdcaee89ae30a83c']",0.6666666666666666,1.0,0.8,False,0.2857142857142857,4096,True,4
"[""fix"", ""refactor"", ""ci"", ""build""]","[""refactor"", ""fix"", ""docs"", ""ci""]",0.908611536026001,"['47ef9104e4a89e80d7cc6c1950bc080841da4a7b', 'd129eaf9125a967ac86c6c7276bbae6b4d50af36', '0cfc5633d37ea06f645649138323f1820e18bdee', '45837af24a33308a70a3454f0f650f9fe728e272']",0.75,0.75,0.75,False,0.2857142857142857,4096,True,4
"[""fix"", ""refactor"", ""build"", ""test"", ""ci"", ""docs""]","[""fix"", ""build"", ""ci"", ""test""]",1.354438543319702,"['bed78248c941d57ad4cc20a455147e186e97c7a1', '1269431c8a3e7549f10fcbbb4b88ff625c8898b3', '45837af24a33308a70a3454f0f650f9fe728e272', '8ee0611fbf0cd89abe7ae588f22e6ecb843598ea']",0.6666666666666666,1.0,0.8,False,0.2857142857142857,4096,True,4
"[""build"", ""ci"", ""docs"", ""refactor"", ""test""]","[""build"", ""fix"", ""ci"", ""docs""]",1.247673273086548,"['454003841aabeb74396d73541378bfa59c75b5db', 'bed78248c941d57ad4cc20a455147e186e97c7a1', '45837af24a33308a70a3454f0f650f9fe728e272', 'c2ee5cd5e709afd15c5565ee009a0d204403a119']",0.6,0.75,0.6666666666666665,False,0.4285714285714285,4096,True,4
"[""ci"", ""refactor"", ""docs"", ""feat""]","[""ci"", ""refactor"", ""fix"", ""docs""]",0.9778246879577636,"['dbb537a26e388a8d7d17faf131abc30c2f7a84e6', '3cca5c314ad6feeffbfe1f14cf49ebd0fd9a95a2', 'd1d55e787b7d07f763852602b9939a5394607fd9', '6d405dfc1675dcad64a2dfac0c0cb0fb28381d21']",0.75,0.75,0.75,False,0.2857142857142857,4096,True,4
"[""feat"", ""fix"", ""refactor"", ""docs"", ""test"", ""ci"", ""build""]","[""fix"", ""ci"", ""docs"", ""refactor""]",1.3022992610931396,"['2561f4ade46fc9d59f289f328cc77733a6443697', '6c9cb638cb4d1ecc42632fcf389c24898c5b3244', 'bf83c9155e9bee6925aa7102fab53fb803d52533', '771857b1df9470ebc15357e8879118a72c649d5b']",0.5714285714285714,1.0,0.7272727272727273,False,0.4285714285714285,4096,True,4
"[""feat"", ""refactor"", ""test"", ""ci"", ""build"", ""docs""]","[""fix"", ""feat"", ""build"", ""docs""]",1.1626133918762207,"['06e2be4e2019b6fa714e1fcb34485860ef1ede79', 'fd8e563cc19ca4684885d4692acee6bebcca4ada', '32b92cfa0b74a6c25990e32ac6aab12b8496794c', '6d405dfc1675dcad64a2dfac0c0cb0fb28381d21']",0.5,0.75,0.6,False,0.5714285714285714,4096,True,4
"[""feat"", ""build"", ""test"", ""ci"", ""refactor""]","[""build"", ""ci"", ""test"", ""feat""]",1.0550334453582764,"['c55591ba157298a9c5816693c102a89dfd058830', '45837af24a33308a70a3454f0f650f9fe728e272', 'b7ce2894fd1794064bd6db4ed730bb6cb7728739', 'dc5238b2bda98a7c4f2fe9584fc3b0191a408109']",0.8,1.0,0.888888888888889,False,0.1428571428571428,4096,True,4
"[""ci"", ""feat"", ""refactor"", ""test""]","[""ci"", ""docs"", ""feat"", ""test""]",1.0101501941680908,"['173553c0372e66e03bdab19e0e6c2dd44daa14a0', 'e12d9e77a6fd531a22325337838a841b1c67f00d', 'f823cf28652987d43c8324b4f5b203240032383a', '229b53a632ea97d47c4be11f096bdd828fb415d8']",0.75,0.75,0.75,False,0.2857142857142857,4096,True,4
"[""refactor"", ""docs"", ""ci"", ""test""]","[""refactor"", ""docs"", ""ci"", ""test""]",0.8700425624847412,"['36556bf8e0bce4ab6d26eafacbdad04d9614a5d7', 'aca23027da1295c78fdf42ba9687d8ccc88784d7', 'dbb537a26e388a8d7d17faf131abc30c2f7a84e6', '229b53a632ea97d47c4be11f096bdd828fb415d8']",1.0,1.0,1.0,True,0.0,4096,True,4
"[""fix"", ""refactor"", ""test"", ""ci"", ""build""]","[""docs"", ""refactor"", ""test"", ""fix""]",1.0846405029296875,"['0cfc5633d37ea06f645649138323f1820e18bdee', '1db13ec43727aca872a0f3836e4023ed85db665e', '229b53a632ea97d47c4be11f096bdd828fb415d8', '9be725fa3906323d4bc9788f54eccf74109d632b']",0.6,0.75,0.6666666666666665,False,0.4285714285714285,4096,True,4
"[""feat"", ""fix"", ""refactor"", ""docs"", ""test"", ""ci"", ""build""]","[""ci"", ""docs"", ""refactor"", ""test""]",1.4148504734039309,"['c5fa7b80438fbd74f4c341f0d3c9bd9e0f4910da', 'bf83c9155e9bee6925aa7102fab53fb803d52533', '062daa45cbd5dba6e96e95d8cdcaee89ae30a83c', 'bedc7950b24c37809e36a585b7985d5aa5e3e458']",0.5714285714285714,1.0,0.7272727272727273,False,0.4285714285714285,4096,True,4
"[""fix"", ""refactor"", ""ci"", ""feat""]","[""fix"", ""docs"", ""ci"", ""feat""]",0.9573543071746826,"['9be725fa3906323d4bc9788f54eccf74109d632b', '036a0ff49a7dade0e04c9c07071a1ff49133ee24', '45837af24a33308a70a3454f0f650f9fe728e272', 'f823cf28652987d43c8324b4f5b203240032383a']",0.75,0.75,0.75,False,0.2857142857142857,4096,True,4
"[""fix"", ""feat"", ""docs"", ""test"", ""build"", ""ci"", ""refactor""]","[""docs"", ""test"", ""build"", ""feat""]",1.3797996044158936,"['bf83c9155e9bee6925aa7102fab53fb803d52533', 'e0198f74b81da3663144cfe1d971939319f82a0f', 'f00a4d3e307b89842250358ee432e6800bb24362', 'ded26d768ff432ad3bde3c0aa1e95ce50726100a']",0.5714285714285714,1.0,0.7272727272727273,False,0.4285714285714285,4096,True,4
"[""docs"", ""refactor"", ""test"", ""build""]","[""docs"", ""refactor"", ""test"", ""fix""]",1.07551908493042,"['aca23027da1295c78fdf42ba9687d8ccc88784d7', '1db13ec43727aca872a0f3836e4023ed85db665e', 'f411e58cd510f8a2b980b2f1932003a0c0e9f8f3', '2561f4ade46fc9d59f289f328cc77733a6443697']",0.75,0.75,0.75,False,0.2857142857142857,4096,True,4
"[""test"", ""feat"", ""docs"", ""build""]","[""test"", ""feat"", ""docs"", ""ci""]",0.9919991493225098,"['e0198f74b81da3663144cfe1d971939319f82a0f', 'f823cf28652987d43c8324b4f5b203240032383a', 'aca23027da1295c78fdf42ba9687d8ccc88784d7', 'e96487ad7ce90b141219d9032fa2bed68d5dae6a']",0.75,0.75,0.75,False,0.2857142857142857,4096,True,4
"[""feat"", ""build"", ""refactor""]","[""refactor"", ""build"", ""feat"", ""docs""]",0.923147201538086,"['63eab619e6166eb6cab948028a7b89bf059dd878', '32b92cfa0b74a6c25990e32ac6aab12b8496794c', 'fd8e563cc19ca4684885d4692acee6bebcca4ada', 'a52a585d74894b3b4eeb8c784fa089ff95cddad0']",1.0,0.75,0.8571428571428571,False,0.1428571428571428,4096,True,4
"[""build"", ""ci"", ""docs"", ""feat"", ""fix"", ""refactor"", ""test""]","[""build"", ""fix"", ""test"", ""feat""]",1.279113531112671,"['37b1cbfd3d2c462ef4f2a131e4172c38dc8d9ddf', 'c8e0ae8612df3d6f2831acc004aaac332f6105e4', 'c7b25726df94a2530c9b1c0d2b6a0acaa103822f', '1bcf88670b50155b50071e707f98f30cea0b7a24']",0.5714285714285714,1.0,0.7272727272727273,False,0.4285714285714285,4096,True,4
"[""feat"", ""docs"", ""test"", ""ci"", ""build"", ""refactor"", ""fix""]","[""refactor"", ""ci"", ""docs"", ""build""]",1.4577736854553225,"['771857b1df9470ebc15357e8879118a72c649d5b', '6c9cb638cb4d1ecc42632fcf389c24898c5b3244', '6d405dfc1675dcad64a2dfac0c0cb0fb28381d21', '454003841aabeb74396d73541378bfa59c75b5db']",0.5714285714285714,1.0,0.7272727272727273,False,0.4285714285714285,4096,True,4
"[""fix"", ""docs"", ""feat"", ""ci"", ""test""]","[""fix"", ""docs"", ""refactor"", ""ci"", ""test""]",1.0298116207122805,"['9be725fa3906323d4bc9788f54eccf74109d632b', 'bf83c9155e9bee6925aa7102fab53fb803d52533', '535708ae50aecb452560a23356fd396f99ef13a2', '4cbbd2552ba0de273e1dfe7d453c5b3efed751a3', 'bedc7950b24c37809e36a585b7985d5aa5e3e458']",0.8,0.8,0.8000000000000002,False,0.2857142857142857,4096,True,5
"[""test"", ""docs"", ""refactor"", ""build"", ""ci"", ""feat"", ""fix""]","[""test"", ""docs"", ""refactor"", ""build"", ""feat""]",1.4677205085754397,"['229b53a632ea97d47c4be11f096bdd828fb415d8', 'bf83c9155e9bee6925aa7102fab53fb803d52533', '062daa45cbd5dba6e96e95d8cdcaee89ae30a83c', 'e4a11fd5c34942ba12737f1c8c084489428ee274', 'fd8e563cc19ca4684885d4692acee6bebcca4ada']",0.7142857142857143,1.0,0.8333333333333333,False,0.2857142857142857,4096,True,5
"[""test"", ""ci"", ""refactor"", ""docs"", ""build""]","[""test"", ""ci"", ""fix"", ""build"", ""refactor""]",1.2720229625701904,"['317f4eefecddfb1392ca71d551840f446feee302', 'e7a67d88173566be3cd3aed7e9eeb7e29aabbc57', 'd1d55e787b7d07f763852602b9939a5394607fd9', 'f00a4d3e307b89842250358ee432e6800bb24362', '771857b1df9470ebc15357e8879118a72c649d5b']",0.8,0.8,0.8000000000000002,False,0.2857142857142857,4096,True,5
"[""ci"", ""test"", ""refactor"", ""fix"", ""feat""]","[""ci"", ""refactor"", ""build"", ""test"", ""fix""]",1.1250300407409668,"['e7a67d88173566be3cd3aed7e9eeb7e29aabbc57', '47ef9104e4a89e80d7cc6c1950bc080841da4a7b', '5b81fde8a72cf2e69a10e9f5c4f0bea0a2b8c3e0', 'bedc7950b24c37809e36a585b7985d5aa5e3e458', '9ef5c0d14193a9abb09b39856f58477d1f4b0d77']",0.8,0.8,0.8000000000000002,False,0.2857142857142857,4096,True,5
"[""refactor"", ""docs""]","[""build"", ""fix"", ""feat"", ""refactor"", ""docs""]",0.804558277130127,"['e4a11fd5c34942ba12737f1c8c084489428ee274', '9ef5c0d14193a9abb09b39856f58477d1f4b0d77', 'dc5238b2bda98a7c4f2fe9584fc3b0191a408109', '771857b1df9470ebc15357e8879118a72c649d5b', 'c2ee5cd5e709afd15c5565ee009a0d204403a119']",1.0,0.4,0.5714285714285715,False,0.4285714285714285,4096,True,5
"[""docs"", ""test"", ""build"", ""refactor"", ""feat""]","[""docs"", ""test"", ""build"", ""fix"", ""feat""]",1.082611322402954,"['bf83c9155e9bee6925aa7102fab53fb803d52533', '229b53a632ea97d47c4be11f096bdd828fb415d8', 'c55591ba157298a9c5816693c102a89dfd058830', '06e2be4e2019b6fa714e1fcb34485860ef1ede79', 'f823cf28652987d43c8324b4f5b203240032383a']",0.8,0.8,0.8000000000000002,False,0.2857142857142857,4096,True,5
"[""ci"", ""build"", ""test"", ""refactor""]","[""ci"", ""build"", ""fix"", ""test"", ""feat""]",1.0877234935760498,"['e7a67d88173566be3cd3aed7e9eeb7e29aabbc57', 'c55591ba157298a9c5816693c102a89dfd058830', 'd129eaf9125a967ac86c6c7276bbae6b4d50af36', '229b53a632ea97d47c4be11f096bdd828fb415d8', '1bcf88670b50155b50071e707f98f30cea0b7a24']",0.75,0.6,0.6666666666666665,False,0.4285714285714285,4096,True,5
"[""feat"", ""fix"", ""refactor"", ""test"", ""ci"", ""build""]","[""fix"", ""test"", ""build"", ""ci"", ""refactor""]",1.2256383895874023,"['2561f4ade46fc9d59f289f328cc77733a6443697', 'b7ce2894fd1794064bd6db4ed730bb6cb7728739', '1269431c8a3e7549f10fcbbb4b88ff625c8898b3', 'e96487ad7ce90b141219d9032fa2bed68d5dae6a', '36556bf8e0bce4ab6d26eafacbdad04d9614a5d7']",0.8333333333333334,1.0,0.9090909090909092,False,0.1428571428571428,4096,True,5
"[""fix"", ""refactor"", ""ci"", ""docs"", ""test"", ""build""]","[""docs"", ""ci"", ""refactor"", ""test"", ""fix""]",1.1834056377410889,"['bf83c9155e9bee6925aa7102fab53fb803d52533', 'e7a67d88173566be3cd3aed7e9eeb7e29aabbc57', '535708ae50aecb452560a23356fd396f99ef13a2', 'c7b25726df94a2530c9b1c0d2b6a0acaa103822f', '06e2be4e2019b6fa714e1fcb34485860ef1ede79']",0.8333333333333334,1.0,0.9090909090909092,False,0.1428571428571428,4096,True,5
"[""refactor"", ""docs"", ""build"", ""ci"", ""test""]","[""refactor"", ""docs"", ""build"", ""feat"", ""fix""]",1.0760345458984375,"['36556bf8e0bce4ab6d26eafacbdad04d9614a5d7', 'c2ee5cd5e709afd15c5565ee009a0d204403a119', 'c55591ba157298a9c5816693c102a89dfd058830', '68278b00450f2679761a2999500f6d87a579376b', '9ef5c0d14193a9abb09b39856f58477d1f4b0d77']",0.6,0.6,0.6,False,0.5714285714285714,4096,True,5
"[""feat"", ""build"", ""refactor"", ""ci"", ""test""]","[""feat"", ""build"", ""fix"", ""ci"", ""test""]",1.3090860843658447,"['ded26d768ff432ad3bde3c0aa1e95ce50726100a', 'c323d59c607cabc91f17a78528d998f376f30b10', '2561f4ade46fc9d59f289f328cc77733a6443697', '45837af24a33308a70a3454f0f650f9fe728e272', 'e0198f74b81da3663144cfe1d971939319f82a0f']",0.8,0.8,0.8000000000000002,False,0.2857142857142857,4096,True,5
"[""ci"", ""docs"", ""feat"", ""refactor"", ""test""]","[""ci"", ""refactor"", ""test"", ""feat"", ""fix""]",1.0873091220855713,"['e96487ad7ce90b141219d9032fa2bed68d5dae6a', 'a62314d9bb632be6af026686615d14b912250512', 'c7b25726df94a2530c9b1c0d2b6a0acaa103822f', '6ed56ce9ae743ba9a87e6c9643cc06b1de7b748d', '9ef5c0d14193a9abb09b39856f58477d1f4b0d77']",0.8,0.8,0.8000000000000002,False,0.2857142857142857,4096,True,5
"[""build"", ""feat"", ""refactor"", ""ci"", ""docs"", ""test""]","[""build"", ""refactor"", ""ci"", ""docs"", ""fix""]",1.280632734298706,"['c55591ba157298a9c5816693c102a89dfd058830', '63eab619e6166eb6cab948028a7b89bf059dd878', 'c5fa7b80438fbd74f4c341f0d3c9bd9e0f4910da', '036a0ff49a7dade0e04c9c07071a1ff49133ee24', '9be725fa3906323d4bc9788f54eccf74109d632b']",0.6666666666666666,0.8,0.7272727272727272,False,0.4285714285714285,4096,True,5
"[""fix"", ""feat"", ""docs"", ""ci"", ""build"", ""refactor""]","[""docs"", ""ci"", ""refactor"", ""build"", ""feat""]",1.3335084915161133,"['bf83c9155e9bee6925aa7102fab53fb803d52533', '173553c0372e66e03bdab19e0e6c2dd44daa14a0', '535708ae50aecb452560a23356fd396f99ef13a2', '1269431c8a3e7549f10fcbbb4b88ff625c8898b3', 'f823cf28652987d43c8324b4f5b203240032383a']",0.8333333333333334,1.0,0.9090909090909092,False,0.1428571428571428,4096,True,5
"[""test"", ""feat"", ""refactor"", ""ci"", ""build"", ""docs""]","[""test"", ""feat"", ""refactor"", ""fix"", ""docs""]",1.3549723625183103,"['bedc7950b24c37809e36a585b7985d5aa5e3e458', 'fd8e563cc19ca4684885d4692acee6bebcca4ada', '062daa45cbd5dba6e96e95d8cdcaee89ae30a83c', 'c8e0ae8612df3d6f2831acc004aaac332f6105e4', '036a0ff49a7dade0e04c9c07071a1ff49133ee24']",0.6666666666666666,0.8,0.7272727272727272,False,0.4285714285714285,4096,True,5
"[""docs"", ""ci"", ""test"", ""build"", ""feat""]","[""docs"", ""build"", ""ci"", ""fix"", ""test""]",1.2371282577514648,"['c2ee5cd5e709afd15c5565ee009a0d204403a119', '1269431c8a3e7549f10fcbbb4b88ff625c8898b3', 'e7a67d88173566be3cd3aed7e9eeb7e29aabbc57', 'bed78248c941d57ad4cc20a455147e186e97c7a1', 'e9617f0854030e70365eb264bcb3b58078e79e9e']",0.8,0.8,0.8000000000000002,False,0.2857142857142857,4096,True,5
"[""refactor"", ""ci"", ""docs"", ""test"", ""build""]","[""refactor"", ""ci"", ""docs"", ""test"", ""build""]",1.0922505855560305,"['3cca5c314ad6feeffbfe1f14cf49ebd0fd9a95a2', 'dbb537a26e388a8d7d17faf131abc30c2f7a84e6', 'e12d9e77a6fd531a22325337838a841b1c67f00d', 'c7b25726df94a2530c9b1c0d2b6a0acaa103822f', '37b1cbfd3d2c462ef4f2a131e4172c38dc8d9ddf']",1.0,1.0,1.0,True,0.0,4096,True,5
"[""test"", ""refactor"", ""ci"", ""build""]","[""test"", ""feat"", ""ci"", ""refactor"", ""fix""]",1.0446388721466064,"['229b53a632ea97d47c4be11f096bdd828fb415d8', 'b282e90e2cbb74559aab79eee8443a4d7c85502a', 'dbb537a26e388a8d7d17faf131abc30c2f7a84e6', '3cca5c314ad6feeffbfe1f14cf49ebd0fd9a95a2', '933ab6bb86372913c992567cf9660009900911a7']",0.75,0.6,0.6666666666666665,False,0.4285714285714285,4096,True,5
"[""build"", ""ci"", ""refactor"", ""test""]","[""build"", ""fix"", ""ci"", ""refactor"", ""docs""]",1.1240031719207764,"['37b1cbfd3d2c462ef4f2a131e4172c38dc8d9ddf', '06e2be4e2019b6fa714e1fcb34485860ef1ede79', 'c5fa7b80438fbd74f4c341f0d3c9bd9e0f4910da', '1db13ec43727aca872a0f3836e4023ed85db665e', 'a52a585d74894b3b4eeb8c784fa089ff95cddad0']",0.75,0.6,0.6666666666666665,False,0.4285714285714285,4096,True,5
"[""feat"", ""fix"", ""refactor"", ""test"", ""ci"", ""build"", ""docs""]","[""build"", ""docs"", ""ci"", ""test"", ""feat""]",1.4172332286834717,"['c44cf88a6ec54e5ddd99d8348bcc57b301ec7945', '6d405dfc1675dcad64a2dfac0c0cb0fb28381d21', 'e7a67d88173566be3cd3aed7e9eeb7e29aabbc57', 'f411e58cd510f8a2b980b2f1932003a0c0e9f8f3', 'f823cf28652987d43c8324b4f5b203240032383a']",0.7142857142857143,1.0,0.8333333333333333,False,0.2857142857142857,4096,True,5
"[""feat"", ""refactor"", ""test"", ""ci"", ""build""]","[""feat"", ""fix"", ""refactor"", ""build"", ""test""]",1.0738401412963867,"['f823cf28652987d43c8324b4f5b203240032383a', 'c8e0ae8612df3d6f2831acc004aaac332f6105e4', '47ef9104e4a89e80d7cc6c1950bc080841da4a7b', 'e4a11fd5c34942ba12737f1c8c084489428ee274', 'c7b25726df94a2530c9b1c0d2b6a0acaa103822f']",0.8,0.8,0.8000000000000002,False,0.2857142857142857,4096,True,5
"[""refactor"", ""build"", ""ci"", ""docs""]","[""refactor"", ""build"", ""ci"", ""docs"", ""test""]",0.9744973182678224,"['1db13ec43727aca872a0f3836e4023ed85db665e', '32b92cfa0b74a6c25990e32ac6aab12b8496794c', 'e96487ad7ce90b141219d9032fa2bed68d5dae6a', '6d405dfc1675dcad64a2dfac0c0cb0fb28381d21', 'e2e8ad25854bd1e7cdbc7f50b50bbd99e04ad47d']",1.0,0.8,0.888888888888889,False,0.1428571428571428,4096,True,5
"[""build"", ""ci"", ""refactor"", ""test""]","[""build"", ""test"", ""refactor"", ""ci"", ""fix""]",1.1140005588531494,"['37b1cbfd3d2c462ef4f2a131e4172c38dc8d9ddf', 'f411e58cd510f8a2b980b2f1932003a0c0e9f8f3', '1db13ec43727aca872a0f3836e4023ed85db665e', 'c5fa7b80438fbd74f4c341f0d3c9bd9e0f4910da', 'd129eaf9125a967ac86c6c7276bbae6b4d50af36']",1.0,0.8,0.888888888888889,False,0.1428571428571428,4096,True,5
"[""build"", ""ci"", ""docs"", ""fix"", ""refactor""]","[""build"", ""docs"", ""ci"", ""test"", ""fix""]",1.035731554031372,"['c55591ba157298a9c5816693c102a89dfd058830', 'a52a585d74894b3b4eeb8c784fa089ff95cddad0', '6c9cb638cb4d1ecc42632fcf389c24898c5b3244', 'c7b25726df94a2530c9b1c0d2b6a0acaa103822f', 'bed78248c941d57ad4cc20a455147e186e97c7a1']",0.8,0.8,0.8000000000000002,False,0.2857142857142857,4096,True,5
"[""feat"", ""refactor"", ""ci"", ""build"", ""test"", ""docs""]","[""fix"", ""ci"", ""feat"", ""build"", ""refactor""]",1.3531606197357178,"['9ef5c0d14193a9abb09b39856f58477d1f4b0d77', 'dbb537a26e388a8d7d17faf131abc30c2f7a84e6', '6ed56ce9ae743ba9a87e6c9643cc06b1de7b748d', 'e4a11fd5c34942ba12737f1c8c084489428ee274', '1db13ec43727aca872a0f3836e4023ed85db665e']",0.6666666666666666,0.8,0.7272727272727272,False,0.4285714285714285,4096,True,5
"[""fix"", ""refactor"", ""feat"", ""build"", ""ci""]","[""fix"", ""build"", ""refactor"", ""feat"", ""test""]",1.263289451599121,"['bed78248c941d57ad4cc20a455147e186e97c7a1', 'e4a11fd5c34942ba12737f1c8c084489428ee274', '062daa45cbd5dba6e96e95d8cdcaee89ae30a83c', 'f823cf28652987d43c8324b4f5b203240032383a', 'c7b25726df94a2530c9b1c0d2b6a0acaa103822f']",0.8,0.8,0.8000000000000002,False,0.2857142857142857,4096,True,5
"[""feat"", ""fix"", ""refactor"", ""docs"", ""test"", ""ci"", ""build""]","[""fix"", ""test"", ""feat"", ""docs"", ""build""]",1.341845989227295,"['87d5d4e55ab7149b593d29410f1fe426ba2447d4', 'bedc7950b24c37809e36a585b7985d5aa5e3e458', 'ded26d768ff432ad3bde3c0aa1e95ce50726100a', 'a52a585d74894b3b4eeb8c784fa089ff95cddad0', 'c323d59c607cabc91f17a78528d998f376f30b10']",0.7142857142857143,1.0,0.8333333333333333,False,0.2857142857142857,4096,True,5
[],"[""test"", ""docs"", ""feat"", ""build"", ""fix""]",603.8528752326965,"['8ee0611fbf0cd89abe7ae588f22e6ecb843598ea', 'c2ee5cd5e709afd15c5565ee009a0d204403a119', 'fd8e563cc19ca4684885d4692acee6bebcca4ada', '1269431c8a3e7549f10fcbbb4b88ff625c8898b3', '06e2be4e2019b6fa714e1fcb34485860ef1ede79']",0.0,0.0,0.0,False,0.7142857142857143,4096,True,5
"[""feat"", ""ci"", ""test"", ""docs"", ""refactor""]","[""docs"", ""feat"", ""build"", ""refactor"", ""test""]",1.0825212001800537,"['a52a585d74894b3b4eeb8c784fa089ff95cddad0', 'f9a094918b62534614c47aa8a13f33aec751a1e0', '1269431c8a3e7549f10fcbbb4b88ff625c8898b3', '535708ae50aecb452560a23356fd396f99ef13a2', 'e0198f74b81da3663144cfe1d971939319f82a0f']",0.8,0.8,0.8000000000000002,False,0.2857142857142857,4096,True,5
"[""feat"", ""fix"", ""refactor"", ""test"", ""ci"", ""build""]","[""fix"", ""feat"", ""test"", ""refactor"", ""build""]",1.218244552612305,"['d129eaf9125a967ac86c6c7276bbae6b4d50af36', '68278b00450f2679761a2999500f6d87a579376b', 'e2e8ad25854bd1e7cdbc7f50b50bbd99e04ad47d', '771857b1df9470ebc15357e8879118a72c649d5b', 'f00a4d3e307b89842250358ee432e6800bb24362']",0.8333333333333334,1.0,0.9090909090909092,False,0.1428571428571428,4096,True,5
"[""build"", ""ci"", ""docs"", ""feat"", ""fix"", ""refactor"", ""test""]","[""fix"", ""build"", ""refactor"", ""test"", ""docs""]",1.3230714797973633,"['933ab6bb86372913c992567cf9660009900911a7', '37b1cbfd3d2c462ef4f2a131e4172c38dc8d9ddf', '1db13ec43727aca872a0f3836e4023ed85db665e', 'c7b25726df94a2530c9b1c0d2b6a0acaa103822f', 'e12d9e77a6fd531a22325337838a841b1c67f00d']",0.7142857142857143,1.0,0.8333333333333333,False,0.2857142857142857,4096,True,5
"[""feat"", ""build"", ""docs"", ""refactor"", ""test""]","[""fix"", ""ci"", ""docs"", ""build"", ""feat""]",1.084226369857788,"['06e2be4e2019b6fa714e1fcb34485860ef1ede79', '4cbbd2552ba0de273e1dfe7d453c5b3efed751a3', 'cb1f48b56ae0de93acb72e48726c7d610a1d538e', 'c323d59c607cabc91f17a78528d998f376f30b10', 'f9a094918b62534614c47aa8a13f33aec751a1e0']",0.6,0.6,0.6,False,0.5714285714285714,4096,True,5
"[""feat"", ""fix"", ""build"", ""docs"", ""test"", ""ci""]","[""feat"", ""build"", ""refactor"", ""docs"", ""fix""]",1.1986708641052246,"['fd8e563cc19ca4684885d4692acee6bebcca4ada', 'f00a4d3e307b89842250358ee432e6800bb24362', '535708ae50aecb452560a23356fd396f99ef13a2', 'e12d9e77a6fd531a22325337838a841b1c67f00d', '9be725fa3906323d4bc9788f54eccf74109d632b']",0.6666666666666666,0.8,0.7272727272727272,False,0.4285714285714285,4096,True,5
"[""feat"", ""fix"", ""refactor"", ""test"", ""docs"", ""ci"", ""build""]","[""test"", ""docs"", ""refactor"", ""ci"", ""feat""]",1.3879475593566897,"['229b53a632ea97d47c4be11f096bdd828fb415d8', 'bf83c9155e9bee6925aa7102fab53fb803d52533', '062daa45cbd5dba6e96e95d8cdcaee89ae30a83c', '32845e1bbd1efb5dbc16f671049509a409ba25ce', 'dc5238b2bda98a7c4f2fe9584fc3b0191a408109']",0.7142857142857143,1.0,0.8333333333333333,False,0.2857142857142857,4096,True,5
"[""build"", ""ci"", ""docs"", ""feat"", ""fix"", ""refactor"", ""test""]","[""build"", ""docs"", ""fix"", ""test"", ""refactor""]",1.4419915676116943,"['454003841aabeb74396d73541378bfa59c75b5db', 'e12d9e77a6fd531a22325337838a841b1c67f00d', 'bed78248c941d57ad4cc20a455147e186e97c7a1', 'f411e58cd510f8a2b980b2f1932003a0c0e9f8f3', '062daa45cbd5dba6e96e95d8cdcaee89ae30a83c']",0.7142857142857143,1.0,0.8333333333333333,False,0.2857142857142857,4096,True,5
"[""build"", ""ci"", ""fix"", ""refactor"", ""test""]","[""build"", ""ci"", ""docs"", ""test"", ""refactor""]",1.1958162784576416,"['5b81fde8a72cf2e69a10e9f5c4f0bea0a2b8c3e0', '74e9de5ec97dc013a52aa063dff0f40ac74c407b', 'a52a585d74894b3b4eeb8c784fa089ff95cddad0', 'e0198f74b81da3663144cfe1d971939319f82a0f', '062daa45cbd5dba6e96e95d8cdcaee89ae30a83c']",0.8,0.8,0.8000000000000002,False,0.2857142857142857,4096,True,5
"[""feat"", ""docs"", ""build"", ""refactor"", ""fix""]","[""build"", ""ci"", ""docs"", ""refactor"", ""fix""]",1.0414891242980957,"['32b92cfa0b74a6c25990e32ac6aab12b8496794c', '6c9cb638cb4d1ecc42632fcf389c24898c5b3244', 'aca23027da1295c78fdf42ba9687d8ccc88784d7', '47ef9104e4a89e80d7cc6c1950bc080841da4a7b', '2561f4ade46fc9d59f289f328cc77733a6443697']",0.8,0.8,0.8000000000000002,False,0.2857142857142857,4096,True,5
"[""feat"", ""fix"", ""refactor"", ""docs"", ""test"", ""ci"", ""build""]","[""test"", ""docs"", ""fix"", ""feat"", ""build""]",1.427393674850464,"['e0198f74b81da3663144cfe1d971939319f82a0f', 'c2ee5cd5e709afd15c5565ee009a0d204403a119', '9ef5c0d14193a9abb09b39856f58477d1f4b0d77', 'f823cf28652987d43c8324b4f5b203240032383a', 'c44cf88a6ec54e5ddd99d8348bcc57b301ec7945']",0.7142857142857143,1.0,0.8333333333333333,False,0.2857142857142857,4096,True,5
"[""refactor"", ""ci"", ""test"", ""build"", ""feat""]","[""refactor"", ""ci"", ""test"", ""build"", ""feat""]",1.5004327297210691,"['3cca5c314ad6feeffbfe1f14cf49ebd0fd9a95a2', '32845e1bbd1efb5dbc16f671049509a409ba25ce', 'e9617f0854030e70365eb264bcb3b58078e79e9e', '454003841aabeb74396d73541378bfa59c75b5db', 'fd8e563cc19ca4684885d4692acee6bebcca4ada']",1.0,1.0,1.0,True,0.0,4096,True,5
"[""refactor"", ""test"", ""ci"", ""build"", ""feat""]","[""refactor"", ""feat"", ""build"", ""fix"", ""test""]",1.2626357078552246,"['062daa45cbd5dba6e96e95d8cdcaee89ae30a83c', 'f823cf28652987d43c8324b4f5b203240032383a', 'c44cf88a6ec54e5ddd99d8348bcc57b301ec7945', '933ab6bb86372913c992567cf9660009900911a7', '8ee0611fbf0cd89abe7ae588f22e6ecb843598ea']",0.8,0.8,0.8000000000000002,False,0.2857142857142857,4096,True,5
"[""refactor"", ""test"", ""ci"", ""docs""]","[""refactor"", ""test"", ""docs"", ""feat"", ""ci""]",1.0794000625610352,"['36556bf8e0bce4ab6d26eafacbdad04d9614a5d7', '317f4eefecddfb1392ca71d551840f446feee302', '036a0ff49a7dade0e04c9c07071a1ff49133ee24', 'e137f9fdbdb6bf3f85c3f7ac9323785e445844c8', 'e7a67d88173566be3cd3aed7e9eeb7e29aabbc57']",1.0,0.8,0.888888888888889,False,0.1428571428571428,4096,True,5
"[""feat"", ""ci"", ""test"", ""refactor"", ""build""]","[""test"", ""ci"", ""refactor"", ""feat"", ""fix""]",1.4133319854736328,"['e0198f74b81da3663144cfe1d971939319f82a0f', '173553c0372e66e03bdab19e0e6c2dd44daa14a0', '062daa45cbd5dba6e96e95d8cdcaee89ae30a83c', 'f823cf28652987d43c8324b4f5b203240032383a', 'bed78248c941d57ad4cc20a455147e186e97c7a1']",0.8,0.8,0.8000000000000002,False,0.2857142857142857,4096,True,5
"[""ci"", ""feat"", ""fix"", ""refactor"", ""test""]","[""ci"", ""refactor"", ""docs"", ""fix"", ""feat""]",1.2467670440673828,"['32845e1bbd1efb5dbc16f671049509a409ba25ce', '63eab619e6166eb6cab948028a7b89bf059dd878', 'af880ac5b4fecbc6c4f3d1eee0d95f326e8bd9d1', '9be725fa3906323d4bc9788f54eccf74109d632b', 'fd8e563cc19ca4684885d4692acee6bebcca4ada']",0.8,0.8,0.8000000000000002,False,0.2857142857142857,4096,True,5
"[""feat"", ""fix"", ""refactor"", ""docs"", ""test"", ""ci"", ""build""]","[""docs"", ""refactor"", ""fix"", ""test"", ""build""]",1.5628657341003418,"['bf83c9155e9bee6925aa7102fab53fb803d52533', '3cca5c314ad6feeffbfe1f14cf49ebd0fd9a95a2', '2561f4ade46fc9d59f289f328cc77733a6443697', '317f4eefecddfb1392ca71d551840f446feee302', '454003841aabeb74396d73541378bfa59c75b5db']",0.7142857142857143,1.0,0.8333333333333333,False,0.2857142857142857,4096,True,5
"[""test"", ""ci"", ""refactor"", ""feat"", ""build""]","[""test"", ""ci"", ""fix"", ""docs"", ""refactor""]",1.318016767501831,"['317f4eefecddfb1392ca71d551840f446feee302', '32845e1bbd1efb5dbc16f671049509a409ba25ce', 'c8e0ae8612df3d6f2831acc004aaac332f6105e4', '6d405dfc1675dcad64a2dfac0c0cb0fb28381d21', '062daa45cbd5dba6e96e95d8cdcaee89ae30a83c']",0.6,0.6,0.6,False,0.5714285714285714,4096,True,5
"[""feat"", ""fix"", ""refactor"", ""ci"", ""build"", ""docs"", ""test""]","[""build"", ""ci"", ""test"", ""docs"", ""feat""]",1.2632219791412354,"['c55591ba157298a9c5816693c102a89dfd058830', 'dbb537a26e388a8d7d17faf131abc30c2f7a84e6', 'e0198f74b81da3663144cfe1d971939319f82a0f', '0cfc5633d37ea06f645649138323f1820e18bdee', 'dc5238b2bda98a7c4f2fe9584fc3b0191a408109']",0.7142857142857143,1.0,0.8333333333333333,False,0.2857142857142857,4096,True,5
"[""feat"", ""refactor"", ""test"", ""ci""]","[""refactor"", ""feat"", ""test"", ""fix"", ""ci""]",1.0550763607025146,"['535708ae50aecb452560a23356fd396f99ef13a2', 'dc5238b2bda98a7c4f2fe9584fc3b0191a408109', 'e2e8ad25854bd1e7cdbc7f50b50bbd99e04ad47d', '2561f4ade46fc9d59f289f328cc77733a6443697', 'c5fa7b80438fbd74f4c341f0d3c9bd9e0f4910da']",1.0,0.8,0.888888888888889,False,0.1428571428571428,4096,True,5
"[""ci"", ""fix"", ""refactor"", ""test""]","[""ci"", ""docs"", ""refactor"", ""build"", ""test""]",0.9134788513183594,"['c5fa7b80438fbd74f4c341f0d3c9bd9e0f4910da', 'af880ac5b4fecbc6c4f3d1eee0d95f326e8bd9d1', '47ef9104e4a89e80d7cc6c1950bc080841da4a7b', '37b1cbfd3d2c462ef4f2a131e4172c38dc8d9ddf', 'c7b25726df94a2530c9b1c0d2b6a0acaa103822f']",0.75,0.6,0.6666666666666665,False,0.4285714285714285,4096,True,5
"[""build"", ""docs"", ""refactor"", ""test""]","[""build"", ""docs"", ""refactor"", ""test"", ""feat""]",1.269456148147583,"['454003841aabeb74396d73541378bfa59c75b5db', 'aca23027da1295c78fdf42ba9687d8ccc88784d7', '771857b1df9470ebc15357e8879118a72c649d5b', 'bedc7950b24c37809e36a585b7985d5aa5e3e458', 'e137f9fdbdb6bf3f85c3f7ac9323785e445844c8']",1.0,0.8,0.888888888888889,False,0.1428571428571428,4096,True,5
"[""ci"", ""feat"", ""fix"", ""docs"", ""test""]","[""ci"", ""feat"", ""fix"", ""docs"", ""test""]",1.1820671558380127,"['74e9de5ec97dc013a52aa063dff0f40ac74c407b', 'ded26d768ff432ad3bde3c0aa1e95ce50726100a', '9be725fa3906323d4bc9788f54eccf74109d632b', 'a52a585d74894b3b4eeb8c784fa089ff95cddad0', 'e9617f0854030e70365eb264bcb3b58078e79e9e']",1.0,1.0,1.0,True,0.0,4096,True,5
"[""feat"", ""build"", ""test"", ""refactor"", ""docs""]","[""feat"", ""build"", ""test"", ""docs"", ""fix""]",1.143763542175293,"['f9a094918b62534614c47aa8a13f33aec751a1e0', 'e4a11fd5c34942ba12737f1c8c084489428ee274', '229b53a632ea97d47c4be11f096bdd828fb415d8', '036a0ff49a7dade0e04c9c07071a1ff49133ee24', '2561f4ade46fc9d59f289f328cc77733a6443697']",0.8,0.8,0.8000000000000002,False,0.2857142857142857,4096,True,5
"[""refactor"", ""docs"", ""build"", ""test"", ""ci""]","[""build"", ""docs"", ""test"", ""fix"", ""ci""]",1.1797025203704834,"['e4a11fd5c34942ba12737f1c8c084489428ee274', 'aca23027da1295c78fdf42ba9687d8ccc88784d7', 'e9617f0854030e70365eb264bcb3b58078e79e9e', '9ef5c0d14193a9abb09b39856f58477d1f4b0d77', '4cbbd2552ba0de273e1dfe7d453c5b3efed751a3']",0.8,0.8,0.8000000000000002,False,0.2857142857142857,4096,True,5
"[""feat"", ""fix"", ""refactor"", ""ci"", ""build"", ""test"", ""docs""]","[""feat"", ""fix"", ""ci"", ""docs"", ""test""]",1.3826138973236084,"['f9a094918b62534614c47aa8a13f33aec751a1e0', '2561f4ade46fc9d59f289f328cc77733a6443697', '45837af24a33308a70a3454f0f650f9fe728e272', '036a0ff49a7dade0e04c9c07071a1ff49133ee24', 'b7ce2894fd1794064bd6db4ed730bb6cb7728739']",0.7142857142857143,1.0,0.8333333333333333,False,0.2857142857142857,4096,True,5
"[""feat"", ""refactor"", ""build"", ""ci"", ""test"", ""docs""]","[""feat"", ""refactor"", ""build"", ""fix"", ""docs""]",1.317821025848389,"['ded26d768ff432ad3bde3c0aa1e95ce50726100a', '062daa45cbd5dba6e96e95d8cdcaee89ae30a83c', '37b1cbfd3d2c462ef4f2a131e4172c38dc8d9ddf', '933ab6bb86372913c992567cf9660009900911a7', '036a0ff49a7dade0e04c9c07071a1ff49133ee24']",0.6666666666666666,0.8,0.7272727272727272,False,0.4285714285714285,4096,True,5
"[""test"", ""refactor"", ""build"", ""feat"", ""docs""]","[""test"", ""build"", ""feat"", ""fix"", ""docs""]",1.092301368713379,"['f411e58cd510f8a2b980b2f1932003a0c0e9f8f3', 'c44cf88a6ec54e5ddd99d8348bcc57b301ec7945', '1bcf88670b50155b50071e707f98f30cea0b7a24', '9be725fa3906323d4bc9788f54eccf74109d632b', 'a52a585d74894b3b4eeb8c784fa089ff95cddad0']",0.8,0.8,0.8000000000000002,False,0.2857142857142857,4096,True,5
"[""feat"", ""fix"", ""refactor"", ""docs"", ""test"", ""ci"", ""build""]","[""fix"", ""feat"", ""test"", ""ci"", ""docs""]",1.258967399597168,"['933ab6bb86372913c992567cf9660009900911a7', '6ed56ce9ae743ba9a87e6c9643cc06b1de7b748d', 'e2e8ad25854bd1e7cdbc7f50b50bbd99e04ad47d', 'e96487ad7ce90b141219d9032fa2bed68d5dae6a', '036a0ff49a7dade0e04c9c07071a1ff49133ee24']",0.7142857142857143,1.0,0.8333333333333333,False,0.2857142857142857,4096,True,5
"[""test"", ""refactor"", ""ci"", ""build"", ""feat""]","[""test"", ""refactor"", ""ci"", ""build"", ""fix""]",1.2584142684936523,"['e0198f74b81da3663144cfe1d971939319f82a0f', '3cca5c314ad6feeffbfe1f14cf49ebd0fd9a95a2', '45837af24a33308a70a3454f0f650f9fe728e272', '5b81fde8a72cf2e69a10e9f5c4f0bea0a2b8c3e0', '9ef5c0d14193a9abb09b39856f58477d1f4b0d77']",0.8,0.8,0.8000000000000002,False,0.2857142857142857,4096,True,5
"[""build"", ""refactor"", ""test"", ""ci""]","[""build"", ""feat"", ""refactor"", ""ci"", ""test""]",1.1097826957702637,"['c55591ba157298a9c5816693c102a89dfd058830', '1bcf88670b50155b50071e707f98f30cea0b7a24', '1db13ec43727aca872a0f3836e4023ed85db665e', 'dbb537a26e388a8d7d17faf131abc30c2f7a84e6', 'e2e8ad25854bd1e7cdbc7f50b50bbd99e04ad47d']",1.0,0.8,0.888888888888889,False,0.1428571428571428,4096,True,5
"[""feat"", ""fix"", ""refactor"", ""test"", ""ci"", ""build""]","[""feat"", ""refactor"", ""test"", ""ci"", ""build""]",1.3756754398345947,"['e137f9fdbdb6bf3f85c3f7ac9323785e445844c8', 'a62314d9bb632be6af026686615d14b912250512', 'b7ce2894fd1794064bd6db4ed730bb6cb7728739', '45837af24a33308a70a3454f0f650f9fe728e272', '454003841aabeb74396d73541378bfa59c75b5db']",0.8333333333333334,1.0,0.9090909090909092,False,0.1428571428571428,4096,True,5
"[""test"", ""refactor"", ""docs"", ""build""]","[""test"", ""fix"", ""build"", ""refactor"", ""docs""]",1.0233430862426758,"['317f4eefecddfb1392ca71d551840f446feee302', '06e2be4e2019b6fa714e1fcb34485860ef1ede79', '32b92cfa0b74a6c25990e32ac6aab12b8496794c', '535708ae50aecb452560a23356fd396f99ef13a2', 'aca23027da1295c78fdf42ba9687d8ccc88784d7']",1.0,0.8,0.888888888888889,False,0.1428571428571428,4096,True,5
"[""ci"", ""test"", ""refactor"", ""build"", ""feat""]","[""ci"", ""feat"", ""build"", ""fix"", ""test""]",1.2602250576019287,"['173553c0372e66e03bdab19e0e6c2dd44daa14a0', '6ed56ce9ae743ba9a87e6c9643cc06b1de7b748d', '32b92cfa0b74a6c25990e32ac6aab12b8496794c', '933ab6bb86372913c992567cf9660009900911a7', 'e9617f0854030e70365eb264bcb3b58078e79e9e']",0.8,0.8,0.8000000000000002,False,0.2857142857142857,4096,True,5
"[""ci"", ""test"", ""refactor"", ""build""]","[""ci"", ""test"", ""fix"", ""feat"", ""build""]",0.9300327301025392,"['dbb537a26e388a8d7d17faf131abc30c2f7a84e6', 'e2e8ad25854bd1e7cdbc7f50b50bbd99e04ad47d', '933ab6bb86372913c992567cf9660009900911a7', 'b282e90e2cbb74559aab79eee8443a4d7c85502a', 'c55591ba157298a9c5816693c102a89dfd058830']",0.75,0.6,0.6666666666666665,False,0.4285714285714285,4096,True,5
"[""test"", ""ci"", ""refactor"", ""build""]","[""test"", ""build"", ""feat"", ""fix"", ""ci""]",1.2390942573547363,"['317f4eefecddfb1392ca71d551840f446feee302', 'e4a11fd5c34942ba12737f1c8c084489428ee274', 'ded26d768ff432ad3bde3c0aa1e95ce50726100a', 'd129eaf9125a967ac86c6c7276bbae6b4d50af36', '173553c0372e66e03bdab19e0e6c2dd44daa14a0']",0.75,0.6,0.6666666666666665,False,0.4285714285714285,4096,True,5
"[""test"", ""build"", ""docs"", ""feat""]","[""test"", ""build"", ""refactor"", ""docs"", ""feat""]",0.9835455417633056,"['bedc7950b24c37809e36a585b7985d5aa5e3e458', '5b81fde8a72cf2e69a10e9f5c4f0bea0a2b8c3e0', '47ef9104e4a89e80d7cc6c1950bc080841da4a7b', 'aca23027da1295c78fdf42ba9687d8ccc88784d7', 'f823cf28652987d43c8324b4f5b203240032383a']",1.0,0.8,0.888888888888889,False,0.1428571428571428,4096,True,5
"[""build"", ""ci"", ""refactor"", ""test"", ""docs""]","[""build"", ""ci"", ""feat"", ""docs"", ""fix""]",1.0695111751556396,"['5b81fde8a72cf2e69a10e9f5c4f0bea0a2b8c3e0', 'c5fa7b80438fbd74f4c341f0d3c9bd9e0f4910da', '68278b00450f2679761a2999500f6d87a579376b', 'a52a585d74894b3b4eeb8c784fa089ff95cddad0', '06e2be4e2019b6fa714e1fcb34485860ef1ede79']",0.6,0.6,0.6,False,0.5714285714285714,4096,True,5
"[""feat"", ""fix"", ""refactor"", ""test"", ""ci"", ""build""]","[""test"", ""build"", ""refactor"", ""fix"", ""ci""]",1.285184621810913,"['e0198f74b81da3663144cfe1d971939319f82a0f', '5b81fde8a72cf2e69a10e9f5c4f0bea0a2b8c3e0', '3cca5c314ad6feeffbfe1f14cf49ebd0fd9a95a2', '87d5d4e55ab7149b593d29410f1fe426ba2447d4', '74e9de5ec97dc013a52aa063dff0f40ac74c407b']",0.8333333333333334,1.0,0.9090909090909092,False,0.1428571428571428,4096,True,5
"[""feat"", ""fix"", ""refactor"", ""build"", ""ci"", ""test"", ""docs""]","[""feat"", ""build"", ""fix"", ""ci"", ""test""]",1.4652690887451172,"['6ed56ce9ae743ba9a87e6c9643cc06b1de7b748d', 'c323d59c607cabc91f17a78528d998f376f30b10', '87d5d4e55ab7149b593d29410f1fe426ba2447d4', 'c5fa7b80438fbd74f4c341f0d3c9bd9e0f4910da', 'e9617f0854030e70365eb264bcb3b58078e79e9e']",0.7142857142857143,1.0,0.8333333333333333,False,0.2857142857142857,4096,True,5
"[""build"", ""ci"", ""docs"", ""feat"", ""refactor"", ""test""]","[""build"", ""test"", ""refactor"", ""feat"", ""ci""]",1.1875524520874023,"['5b81fde8a72cf2e69a10e9f5c4f0bea0a2b8c3e0', 'e9617f0854030e70365eb264bcb3b58078e79e9e', '2954a0955ce9af6acb345ed1e8328e145ad30475', '68278b00450f2679761a2999500f6d87a579376b', 'e96487ad7ce90b141219d9032fa2bed68d5dae6a']",0.8333333333333334,1.0,0.9090909090909092,False,0.1428571428571428,4096,True,5
"[""ci"", ""feat"", ""refactor"", ""docs"", ""test"", ""build""]","[""ci"", ""refactor"", ""docs"", ""feat"", ""fix""]",1.261044979095459,"['4cbbd2552ba0de273e1dfe7d453c5b3efed751a3', '535708ae50aecb452560a23356fd396f99ef13a2', 'e12d9e77a6fd531a22325337838a841b1c67f00d', 'fd8e563cc19ca4684885d4692acee6bebcca4ada', '9be725fa3906323d4bc9788f54eccf74109d632b']",0.6666666666666666,0.8,0.7272727272727272,False,0.4285714285714285,4096,True,5
"[""ci"", ""refactor"", ""fix"", ""docs"", ""test""]","[""ci"", ""fix"", ""feat"", ""docs"", ""refactor""]",1.2937328815460205,"['c5fa7b80438fbd74f4c341f0d3c9bd9e0f4910da', 'bed78248c941d57ad4cc20a455147e186e97c7a1', 'b282e90e2cbb74559aab79eee8443a4d7c85502a', 'bf83c9155e9bee6925aa7102fab53fb803d52533', '771857b1df9470ebc15357e8879118a72c649d5b']",0.8,0.8,0.8000000000000002,False,0.2857142857142857,4096,True,5
